0.000000e+00	0.000000e+00	0.000000e+00
3.000000e-03	8.999959e-03	4.433573e-03
6.000000e-03	1.799968e-02	9.422685e-03
9.000000e-03	2.699891e-02	1.492295e-02
1.200000e-02	3.599741e-02	2.089272e-02
1.500000e-02	4.499494e-02	2.729294e-02
1.800000e-02	5.399125e-02	3.408704e-02
2.100000e-02	6.298610e-02	4.124075e-02
2.400000e-02	7.197925e-02	4.872204e-02
2.700000e-02	8.097045e-02	5.650097e-02
3.000000e-02	8.995945e-02	6.454955e-02
3.300000e-02	9.894602e-02	7.284172e-02
3.600000e-02	1.079299e-01	8.135314e-02
3.900000e-02	1.169108e-01	9.006117e-02
4.200000e-02	1.258886e-01	9.894476e-02
4.500000e-02	1.348629e-01	1.079843e-01
4.800000e-02	1.438336e-01	1.171617e-01
5.100000e-02	1.528003e-01	1.264601e-01
5.400000e-02	1.617629e-01	1.358638e-01
5.700000e-02	1.707210e-01	1.453586e-01
6.000000e-02	1.796745e-01	1.549310e-01
6.300000e-02	1.886230e-01	1.645688e-01
6.600000e-02	1.975663e-01	1.742608e-01
6.900000e-02	2.065042e-01	1.839966e-01
7.200000e-02	2.154363e-01	1.937666e-01
7.500000e-02	2.243625e-01	2.035622e-01
7.800000e-02	2.332825e-01	2.133755e-01
8.100000e-02	2.421960e-01	2.231991e-01
8.400000e-02	2.511027e-01	2.330265e-01
8.700000e-02	2.600024e-01	2.428518e-01
9.000000e-02	2.688949e-01	2.526695e-01
9.300000e-02	2.777798e-01	2.624749e-01
9.600000e-02	2.866568e-01	2.722635e-01
9.900000e-02	2.955258e-01	2.820314e-01
1.020000e-01	3.043864e-01	2.917753e-01
1.050000e-01	3.132384e-01	3.014920e-01
1.080000e-01	3.220815e-01	3.111789e-01
1.110000e-01	3.309154e-01	3.208335e-01
1.140000e-01	3.397398e-01	3.304539e-01
1.170000e-01	3.485544e-01	3.400382e-01
1.200000e-01	3.573590e-01	3.495851e-01
1.230000e-01	3.661533e-01	3.590932e-01
1.260000e-01	3.749370e-01	3.685616e-01
1.290000e-01	3.837097e-01	3.779893e-01
1.320000e-01	3.924712e-01	3.873758e-01
1.350000e-01	4.012213e-01	3.967206e-01
1.380000e-01	4.099595e-01	4.060233e-01
1.410000e-01	4.186856e-01	4.152839e-01
1.440000e-01	4.273994e-01	4.245022e-01
1.470000e-01	4.361004e-01	4.336782e-01
1.500000e-01	4.447884e-01	4.428121e-01
1.530000e-01	4.534630e-01	4.519042e-01
1.560000e-01	4.621240e-01	4.609546e-01
1.590000e-01	4.707710e-01	4.699639e-01
1.620000e-01	4.794038e-01	4.789324e-01
1.650000e-01	4.880219e-01	4.878605e-01
1.680000e-01	4.966251e-01	4.967488e-01
1.710000e-01	5.052130e-01	5.055977e-01
1.740000e-01	5.137853e-01	5.144080e-01
1.770000e-01	5.223417e-01	5.231800e-01
1.800000e-01	5.308818e-01	5.319145e-01
1.830000e-01	5.394053e-01	5.406119e-01
1.860000e-01	5.479118e-01	5.492730e-01
1.890000e-01	5.564010e-01	5.578982e-01
1.920000e-01	5.648726e-01	5.664881e-01
1.950000e-01	5.733261e-01	5.750435e-01
1.980000e-01	5.817612e-01	5.835647e-01
2.010000e-01	5.901777e-01	5.920524e-01
2.040000e-01	5.985750e-01	6.005070e-01
2.070000e-01	6.069528e-01	6.089291e-01
2.100000e-01	6.153108e-01	6.173192e-01
2.130000e-01	6.236485e-01	6.256778e-01
2.160000e-01	6.319657e-01	6.340052e-01
2.190000e-01	6.402618e-01	6.423018e-01
2.220000e-01	6.485366e-01	6.505681e-01
2.250000e-01	6.567896e-01	6.588044e-01
2.280000e-01	6.650205e-01	6.670110e-01
2.310000e-01	6.732288e-01	6.751882e-01
2.340000e-01	6.814141e-01	6.833362e-01
2.370000e-01	6.895761e-01	6.914554e-01
2.400000e-01	6.977142e-01	6.995458e-01
2.430000e-01	7.058282e-01	7.076076e-01
2.460000e-01	7.139176e-01	7.156410e-01
2.490000e-01	7.219819e-01	7.236460e-01
2.520000e-01	7.300207e-01	7.316227e-01
2.550000e-01	7.380336e-01	7.395712e-01
2.580000e-01	7.460202e-01	7.474915e-01
2.610000e-01	7.539801e-01	7.553834e-01
2.640000e-01	7.619127e-01	7.632471e-01
2.670000e-01	7.698176e-01	7.710823e-01
2.700000e-01	7.776944e-01	7.788890e-01
2.730000e-01	7.855426e-01	7.866670e-01
2.760000e-01	7.933618e-01	7.944162e-01
2.790000e-01	8.011514e-01	8.021363e-01
2.820000e-01	8.089111e-01	8.098272e-01
2.850000e-01	8.166403e-01	8.174885e-01
2.880000e-01	8.243386e-01	8.251200e-01
2.910000e-01	8.320055e-01	8.327215e-01
2.940000e-01	8.396404e-01	8.402925e-01
2.970000e-01	8.472430e-01	8.478327e-01
3.000000e-01	8.548126e-01	8.553419e-01
3.030000e-01	8.623489e-01	8.628195e-01
3.060000e-01	8.698512e-01	8.702652e-01
3.090000e-01	8.773191e-01	8.776785e-01
3.120000e-01	8.847521e-01	8.850591e-01
3.150000e-01	8.921496e-01	8.924064e-01
3.180000e-01	8.995111e-01	8.997200e-01
3.210000e-01	9.068361e-01	9.069993e-01
3.240000e-01	9.141240e-01	9.142439e-01
3.270000e-01	9.213743e-01	9.214533e-01
3.300000e-01	9.285865e-01	9.286268e-01
3.330000e-01	9.357600e-01	9.357639e-01
3.360000e-01	9.428943e-01	9.428641e-01
3.390000e-01	9.499887e-01	9.499268e-01
3.420000e-01	9.570428e-01	9.569514e-01
3.450000e-01	9.640559e-01	9.639373e-01
3.480000e-01	9.710276e-01	9.708839e-01
3.510000e-01	9.779571e-01	9.777905e-01
3.540000e-01	9.848439e-01	9.846565e-01
3.570000e-01	9.916875e-01	9.914813e-01
3.600000e-01	9.984872e-01	9.982642e-01
3.630000e-01	1.005242e+00	1.005005e+00
3.660000e-01	1.011953e+00	1.011702e+00
3.690000e-01	1.018617e+00	1.018355e+00
3.720000e-01	1.025235e+00	1.024964e+00
3.750000e-01	1.031807e+00	1.031527e+00
3.780000e-01	1.038331e+00	1.038045e+00
3.810000e-01	1.044806e+00	1.044515e+00
3.840000e-01	1.051233e+00	1.050939e+00
3.870000e-01	1.057611e+00	1.057314e+00
3.900000e-01	1.063938e+00	1.063641e+00
3.930000e-01	1.070215e+00	1.069918e+00
3.960000e-01	1.076440e+00	1.076145e+00
3.990000e-01	1.082613e+00	1.082321e+00
4.020000e-01	1.088734e+00	1.088445e+00
4.050000e-01	1.094801e+00	1.094517e+00
4.080000e-01	1.100815e+00	1.100535e+00
4.110000e-01	1.106773e+00	1.106500e+00
4.140000e-01	1.112677e+00	1.112410e+00
4.170000e-01	1.118524e+00	1.118265e+00
4.200000e-01	1.124314e+00	1.124063e+00
4.230000e-01	1.130047e+00	1.129805e+00
4.260000e-01	1.135722e+00	1.135488e+00
4.290000e-01	1.141338e+00	1.141114e+00
4.320000e-01	1.146895e+00	1.146680e+00
4.350000e-01	1.152391e+00	1.152186e+00
4.380000e-01	1.157826e+00	1.157632e+00
4.410000e-01	1.163200e+00	1.163016e+00
4.440000e-01	1.168511e+00	1.168337e+00
4.470000e-01	1.173759e+00	1.173596e+00
4.500000e-01	1.178944e+00	1.178791e+00
4.530000e-01	1.184063e+00	1.183921e+00
4.560000e-01	1.189118e+00	1.188986e+00
4.590000e-01	1.194106e+00	1.193985e+00
4.620000e-01	1.199027e+00	1.198916e+00
4.650000e-01	1.203881e+00	1.203780e+00
4.680000e-01	1.208667e+00	1.208576e+00
4.710000e-01	1.213383e+00	1.213302e+00
4.740000e-01	1.218029e+00	1.217958e+00
4.770000e-01	1.222605e+00	1.222543e+00
4.800000e-01	1.227110e+00	1.227057e+00
4.830000e-01	1.231542e+00	1.231498e+00
4.860000e-01	1.235901e+00	1.235866e+00
4.890000e-01	1.240187e+00	1.240160e+00
4.920000e-01	1.244398e+00	1.244379e+00
4.950000e-01	1.248534e+00	1.248522e+00
4.980000e-01	1.252594e+00	1.252589e+00
5.010000e-01	1.256576e+00	1.256579e+00
5.040000e-01	1.260482e+00	1.260490e+00
5.070000e-01	1.264308e+00	1.264323e+00
5.100000e-01	1.268055e+00	1.268076e+00
5.130000e-01	1.271723e+00	1.271749e+00
5.160000e-01	1.275309e+00	1.275340e+00
5.190000e-01	1.278814e+00	1.278849e+00
5.220000e-01	1.282236e+00	1.282276e+00
5.250000e-01	1.285574e+00	1.285619e+00
5.280000e-01	1.288829e+00	1.288877e+00
5.310000e-01	1.291999e+00	1.292050e+00
5.340000e-01	1.295082e+00	1.295136e+00
5.370000e-01	1.298079e+00	1.298136e+00
5.400000e-01	1.300989e+00	1.301048e+00
5.430000e-01	1.303810e+00	1.303871e+00
5.460000e-01	1.306543e+00	1.306605e+00
5.490000e-01	1.309185e+00	1.309249e+00
5.520000e-01	1.311737e+00	1.311801e+00
5.550000e-01	1.314197e+00	1.314262e+00
5.580000e-01	1.316564e+00	1.316630e+00
5.610000e-01	1.318838e+00	1.318904e+00
5.640000e-01	1.321018e+00	1.321084e+00
5.670000e-01	1.323103e+00	1.323169e+00
5.700000e-01	1.325093e+00	1.325158e+00
5.730000e-01	1.326985e+00	1.327050e+00
5.760000e-01	1.328781e+00	1.328844e+00
5.790000e-01	1.330478e+00	1.330540e+00
5.820000e-01	1.332075e+00	1.332137e+00
5.850000e-01	1.333573e+00	1.333633e+00
5.880000e-01	1.334970e+00	1.335028e+00
5.910000e-01	1.336265e+00	1.336322e+00
5.940000e-01	1.337458e+00	1.337513e+00
5.970000e-01	1.338547e+00	1.338600e+00
6.000000e-01	1.339533e+00	1.339583e+00
6.030000e-01	1.340413e+00	1.340461e+00
6.060000e-01	1.341187e+00	1.341234e+00
6.090000e-01	1.341855e+00	1.341899e+00
6.120000e-01	1.342415e+00	1.342457e+00
6.150000e-01	1.342867e+00	1.342906e+00
6.180000e-01	1.343209e+00	1.343246e+00
6.210000e-01	1.343442e+00	1.343476e+00
6.240000e-01	1.343563e+00	1.343596e+00
6.270000e-01	1.343574e+00	1.343603e+00
6.300000e-01	1.343471e+00	1.343498e+00
6.330000e-01	1.343255e+00	1.343280e+00
6.360000e-01	1.342926e+00	1.342948e+00
6.390000e-01	1.342481e+00	1.342501e+00
6.420000e-01	1.341920e+00	1.341938e+00
6.450000e-01	1.341243e+00	1.341259e+00
6.480000e-01	1.340449e+00	1.340462e+00
6.510000e-01	1.339537e+00	1.339547e+00
6.540000e-01	1.338505e+00	1.338514e+00
6.570000e-01	1.337354e+00	1.337361e+00
6.600000e-01	1.336083e+00	1.336087e+00
6.630000e-01	1.334690e+00	1.334692e+00
6.660000e-01	1.333175e+00	1.333175e+00
6.690000e-01	1.331537e+00	1.331536e+00
6.720000e-01	1.329776e+00	1.329773e+00
6.750000e-01	1.327890e+00	1.327885e+00
6.780000e-01	1.325879e+00	1.325873e+00
6.810000e-01	1.323743e+00	1.323735e+00
6.840000e-01	1.321479e+00	1.321470e+00
6.870000e-01	1.319089e+00	1.319078e+00
6.900000e-01	1.316570e+00	1.316558e+00
6.930000e-01	1.313923e+00	1.313910e+00
6.960000e-01	1.311146e+00	1.311131e+00
6.990000e-01	1.308239e+00	1.308223e+00
7.020000e-01	1.305201e+00	1.305184e+00
7.050000e-01	1.302031e+00	1.302014e+00
7.080000e-01	1.298729e+00	1.298711e+00
7.110000e-01	1.295294e+00	1.295276e+00
7.140000e-01	1.291725e+00	1.291707e+00
7.170000e-01	1.288022e+00	1.288003e+00
7.200000e-01	1.284185e+00	1.284165e+00
7.230000e-01	1.280211e+00	1.280191e+00
7.260000e-01	1.276102e+00	1.276081e+00
7.290000e-01	1.271855e+00	1.271835e+00
7.320000e-01	1.267471e+00	1.267451e+00
7.350000e-01	1.262949e+00	1.262929e+00
7.380000e-01	1.258288e+00	1.258268e+00
7.410000e-01	1.253488e+00	1.253468e+00
7.440000e-01	1.248548e+00	1.248529e+00
7.470000e-01	1.243468e+00	1.243449e+00
7.500000e-01	1.238247e+00	1.238228e+00
7.530000e-01	1.232884e+00	1.232866e+00
7.560000e-01	1.227380e+00	1.227361e+00
7.590000e-01	1.221733e+00	1.221715e+00
7.620000e-01	1.215942e+00	1.215925e+00
7.650000e-01	1.210009e+00	1.209992e+00
7.680000e-01	1.203931e+00	1.203915e+00
7.710000e-01	1.197709e+00	1.197693e+00
7.740000e-01	1.191342e+00	1.191327e+00
7.770000e-01	1.184829e+00	1.184815e+00
7.800000e-01	1.178171e+00	1.178158e+00
7.830000e-01	1.171367e+00	1.171354e+00
7.860000e-01	1.164416e+00	1.164404e+00
7.890000e-01	1.157318e+00	1.157306e+00
7.920000e-01	1.150073e+00	1.150062e+00
7.950000e-01	1.142680e+00	1.142670e+00
7.980000e-01	1.135139e+00	1.135130e+00
8.010000e-01	1.127449e+00	1.127441e+00
8.040000e-01	1.119611e+00	1.119604e+00
8.070000e-01	1.111624e+00	1.111618e+00
8.100000e-01	1.103488e+00	1.103482e+00
8.130000e-01	1.095202e+00	1.095197e+00
8.160000e-01	1.086767e+00	1.086763e+00
8.190000e-01	1.078182e+00	1.078178e+00
8.220000e-01	1.069446e+00	1.069444e+00
8.250000e-01	1.060561e+00	1.060559e+00
8.280000e-01	1.051524e+00	1.051523e+00
8.310000e-01	1.042338e+00	1.042337e+00
8.340000e-01	1.033000e+00	1.033000e+00
8.370000e-01	1.023511e+00	1.023512e+00
8.400000e-01	1.013872e+00	1.013873e+00
8.430000e-01	1.004081e+00	1.004083e+00
8.460000e-01	9.941395e-01	9.941421e-01
8.490000e-01	9.840465e-01	9.840498e-01
8.520000e-01	9.738024e-01	9.738062e-01
8.550000e-01	9.634072e-01	9.634114e-01
8.580000e-01	9.528607e-01	9.528654e-01
8.610000e-01	9.421631e-01	9.421683e-01
8.640000e-01	9.313145e-01	9.313201e-01
8.670000e-01	9.203149e-01	9.203209e-01
8.700000e-01	9.091644e-01	9.091708e-01
8.730000e-01	8.978632e-01	8.978699e-01
8.760000e-01	8.864114e-01	8.864184e-01
8.790000e-01	8.748092e-01	8.748164e-01
8.820000e-01	8.630568e-01	8.630642e-01
8.850000e-01	8.511543e-01	8.511619e-01
8.880000e-01	8.391021e-01	8.391099e-01
8.910000e-01	8.269003e-01	8.269082e-01
8.940000e-01	8.145493e-01	8.145574e-01
8.970000e-01	8.020494e-01	8.020575e-01
9.000000e-01	7.894009e-01	7.894090e-01
9.030000e-01	7.766041e-01	7.766123e-01
9.060000e-01	7.636595e-01	7.636677e-01
9.090000e-01	7.505674e-01	7.505755e-01
9.120000e-01	7.373283e-01	7.373363e-01
9.150000e-01	7.239425e-01	7.239505e-01
9.180000e-01	7.104107e-01	7.104185e-01
9.210000e-01	6.967332e-01	6.967409e-01
9.240000e-01	6.829106e-01	6.829182e-01
9.270000e-01	6.689435e-01	6.689509e-01
9.300000e-01	6.548324e-01	6.548396e-01
9.330000e-01	6.405779e-01	6.405849e-01
9.360000e-01	6.261807e-01	6.261874e-01
9.390000e-01	6.116413e-01	6.116479e-01
9.420000e-01	5.969606e-01	5.969668e-01
9.450000e-01	5.821391e-01	5.821451e-01
9.480000e-01	5.671776e-01	5.671833e-01
9.510000e-01	5.520768e-01	5.520823e-01
9.540000e-01	5.368376e-01	5.368427e-01
9.570000e-01	5.214608e-01	5.214656e-01
9.600000e-01	5.059471e-01	5.059516e-01
9.630000e-01	4.902974e-01	4.903016e-01
9.660000e-01	4.745127e-01	4.745165e-01
9.690000e-01	4.585938e-01	4.585973e-01
9.720000e-01	4.425417e-01	4.425448e-01
9.750000e-01	4.263573e-01	4.263601e-01
9.780000e-01	4.100417e-01	4.100442e-01
9.810000e-01	3.935959e-01	3.935979e-01
9.840000e-01	3.770208e-01	3.770226e-01
9.870000e-01	3.603176e-01	3.603191e-01
9.900000e-01	3.434875e-01	3.434886e-01
9.930000e-01	3.265314e-01	3.265322e-01
9.960000e-01	3.094507e-01	3.094511e-01
9.990000e-01	2.922464e-01	2.922465e-01
1.002000e+00	2.749198e-01	2.749196e-01
1.005000e+00	2.574721e-01	2.574716e-01
1.008000e+00	2.399047e-01	2.399039e-01
1.011000e+00	2.222187e-01	2.222176e-01
1.014000e+00	2.044156e-01	2.044142e-01
1.017000e+00	1.864966e-01	1.864950e-01
1.020000e+00	1.684632e-01	1.684614e-01
1.023000e+00	1.503168e-01	1.503147e-01
1.026000e+00	1.320588e-01	1.320564e-01
1.029000e+00	1.136906e-01	1.136881e-01
1.032000e+00	9.521383e-02	9.521107e-02
1.035000e+00	7.662992e-02	7.662697e-02
1.038000e+00	5.794044e-02	5.793731e-02
1.041000e+00	3.914695e-02	3.914367e-02
1.044000e+00	2.025108e-02	2.024764e-02
1.047000e+00	1.254433e-03	1.250865e-03
1.050000e+00	-1.784132e-02	-1.784501e-02
1.053000e+00	-3.703450e-02	-3.703829e-02
1.056000e+00	-5.632340e-02	-5.632728e-02
1.059000e+00	-7.570627e-02	-7.571023e-02
1.062000e+00	-9.518136e-02	-9.518537e-02
1.065000e+00	-1.147469e-01	-1.147509e-01
1.068000e+00	-1.344010e-01	-1.344051e-01
1.071000e+00	-1.541419e-01	-1.541460e-01
1.074000e+00	-1.739676e-01	-1.739717e-01
1.077000e+00	-1.938764e-01	-1.938805e-01
1.080000e+00	-2.138662e-01	-2.138703e-01
1.083000e+00	-2.339351e-01	-2.339392e-01
1.086000e+00	-2.540812e-01	-2.540852e-01
1.089000e+00	-2.743024e-01	-2.743064e-01
1.092000e+00	-2.945968e-01	-2.946007e-01
1.095000e+00	-3.149622e-01	-3.149660e-01
1.098000e+00	-3.353966e-01	-3.354003e-01
1.101000e+00	-3.558979e-01	-3.559015e-01
1.104000e+00	-3.764640e-01	-3.764675e-01
1.107000e+00	-3.970927e-01	-3.970960e-01
1.110000e+00	-4.177818e-01	-4.177850e-01
1.113000e+00	-4.385292e-01	-4.385323e-01
1.116000e+00	-4.593326e-01	-4.593355e-01
1.119000e+00	-4.801898e-01	-4.801926e-01
1.122000e+00	-5.010985e-01	-5.011011e-01
1.125000e+00	-5.220564e-01	-5.220589e-01
1.128000e+00	-5.430613e-01	-5.430636e-01
1.131000e+00	-5.641107e-01	-5.641129e-01
1.134000e+00	-5.852023e-01	-5.852043e-01
1.137000e+00	-6.063339e-01	-6.063357e-01
1.140000e+00	-6.275028e-01	-6.275044e-01
1.143000e+00	-6.487068e-01	-6.487083e-01
1.146000e+00	-6.699434e-01	-6.699447e-01
1.149000e+00	-6.912101e-01	-6.912112e-01
1.152000e+00	-7.125045e-01	-7.125054e-01
1.155000e+00	-7.338240e-01	-7.338247e-01
1.158000e+00	-7.551662e-01	-7.551667e-01
1.161000e+00	-7.765285e-01	-7.765288e-01
1.164000e+00	-7.979083e-01	-7.979084e-01
1.167000e+00	-8.193030e-01	-8.193030e-01
1.170000e+00	-8.407102e-01	-8.407100e-01
1.173000e+00	-8.621271e-01	-8.621268e-01
1.176000e+00	-8.835512e-01	-8.835507e-01
1.179000e+00	-9.049798e-01	-9.049791e-01
1.182000e+00	-9.264103e-01	-9.264094e-01
1.185000e+00	-9.478399e-01	-9.478389e-01
1.188000e+00	-9.692660e-01	-9.692649e-01
1.191000e+00	-9.906860e-01	-9.906847e-01
1.194000e+00	-1.012097e+00	-1.012096e+00
1.197000e+00	-1.033496e+00	-1.033495e+00
1.200000e+00	-1.054881e+00	-1.054880e+00
1.203000e+00	-1.076249e+00	-1.076247e+00
1.206000e+00	-1.097597e+00	-1.097595e+00
1.209000e+00	-1.118922e+00	-1.118920e+00
1.212000e+00	-1.140222e+00	-1.140220e+00
1.215000e+00	-1.161493e+00	-1.161491e+00
1.218000e+00	-1.182734e+00	-1.182732e+00
1.221000e+00	-1.203940e+00	-1.203938e+00
1.224000e+00	-1.225110e+00	-1.225108e+00
1.227000e+00	-1.246240e+00	-1.246238e+00
1.230000e+00	-1.267328e+00	-1.267326e+00
1.233000e+00	-1.288371e+00	-1.288368e+00
1.236000e+00	-1.309365e+00	-1.309362e+00
1.239000e+00	-1.330308e+00	-1.330306e+00
1.242000e+00	-1.351198e+00	-1.351195e+00
1.245000e+00	-1.372031e+00	-1.372028e+00
1.248000e+00	-1.392804e+00	-1.392801e+00
1.251000e+00	-1.413515e+00	-1.413512e+00
1.254000e+00	-1.434160e+00	-1.434157e+00
1.257000e+00	-1.454737e+00	-1.454734e+00
1.260000e+00	-1.475243e+00	-1.475240e+00
1.263000e+00	-1.495674e+00	-1.495672e+00
1.266000e+00	-1.516029e+00	-1.516027e+00
1.269000e+00	-1.536304e+00	-1.536302e+00
1.272000e+00	-1.556496e+00	-1.556494e+00
1.275000e+00	-1.576603e+00	-1.576601e+00
1.278000e+00	-1.596621e+00	-1.596619e+00
1.281000e+00	-1.616548e+00	-1.616546e+00
1.284000e+00	-1.636380e+00	-1.636378e+00
1.287000e+00	-1.656115e+00	-1.656113e+00
1.290000e+00	-1.675750e+00	-1.675748e+00
1.293000e+00	-1.695282e+00	-1.695280e+00
1.296000e+00	-1.714708e+00	-1.714707e+00
1.299000e+00	-1.734026e+00	-1.734024e+00
1.302000e+00	-1.753231e+00	-1.753230e+00
1.305000e+00	-1.772323e+00	-1.772322e+00
1.308000e+00	-1.791297e+00	-1.791296e+00
1.311000e+00	-1.810151e+00	-1.810150e+00
1.314000e+00	-1.828882e+00	-1.828882e+00
1.317000e+00	-1.847488e+00	-1.847487e+00
1.320000e+00	-1.865965e+00	-1.865964e+00
1.323000e+00	-1.884310e+00	-1.884310e+00
1.326000e+00	-1.902521e+00	-1.902521e+00
1.329000e+00	-1.920596e+00	-1.920596e+00
1.332000e+00	-1.938531e+00	-1.938531e+00
1.335000e+00	-1.956323e+00	-1.956323e+00
1.338000e+00	-1.973970e+00	-1.973970e+00
1.341000e+00	-1.991469e+00	-1.991470e+00
1.344000e+00	-2.008818e+00	-2.008818e+00
1.347000e+00	-2.026013e+00	-2.026014e+00
1.350000e+00	-2.043053e+00	-2.043054e+00
1.353000e+00	-2.059934e+00	-2.059935e+00
1.356000e+00	-2.076653e+00	-2.076654e+00
1.359000e+00	-2.093209e+00	-2.093210e+00
1.362000e+00	-2.109599e+00	-2.109600e+00
1.365000e+00	-2.125819e+00	-2.125820e+00
1.368000e+00	-2.141868e+00	-2.141869e+00
1.371000e+00	-2.157742e+00	-2.157743e+00
1.374000e+00	-2.173440e+00	-2.173441e+00
1.377000e+00	-2.188959e+00	-2.188960e+00
1.380000e+00	-2.204296e+00	-2.204298e+00
1.383000e+00	-2.219449e+00	-2.219451e+00
1.386000e+00	-2.234416e+00	-2.234417e+00
1.389000e+00	-2.249194e+00	-2.249195e+00
1.392000e+00	-2.263780e+00	-2.263782e+00
1.395000e+00	-2.278173e+00	-2.278175e+00
1.398000e+00	-2.292370e+00	-2.292372e+00
1.401000e+00	-2.306369e+00	-2.306371e+00
1.404000e+00	-2.320167e+00	-2.320169e+00
1.407000e+00	-2.333763e+00	-2.333765e+00
1.410000e+00	-2.347153e+00	-2.347155e+00
1.413000e+00	-2.360337e+00	-2.360339e+00
1.416000e+00	-2.373311e+00	-2.373313e+00
1.419000e+00	-2.386074e+00	-2.386076e+00
1.422000e+00	-2.398623e+00	-2.398625e+00
1.425000e+00	-2.410957e+00	-2.410959e+00
1.428000e+00	-2.423074e+00	-2.423076e+00
1.431000e+00	-2.434970e+00	-2.434972e+00
1.434000e+00	-2.446646e+00	-2.446648e+00
1.437000e+00	-2.458098e+00	-2.458099e+00
1.440000e+00	-2.469324e+00	-2.469326e+00
1.443000e+00	-2.480323e+00	-2.480325e+00
1.446000e+00	-2.491094e+00	-2.491095e+00
1.449000e+00	-2.501633e+00	-2.501635e+00
1.452000e+00	-2.511940e+00	-2.511942e+00
1.455000e+00	-2.522013e+00	-2.522014e+00
1.458000e+00	-2.531850e+00	-2.531851e+00
1.461000e+00	-2.541449e+00	-2.541450e+00
1.464000e+00	-2.550809e+00	-2.550810e+00
1.467000e+00	-2.559928e+00	-2.559929e+00
1.470000e+00	-2.568805e+00	-2.568806e+00
1.473000e+00	-2.577438e+00	-2.577439e+00
1.476000e+00	-2.585826e+00	-2.585826e+00
1.479000e+00	-2.593967e+00	-2.593968e+00
1.482000e+00	-2.601860e+00	-2.601861e+00
1.485000e+00	-2.609504e+00	-2.609504e+00
1.488000e+00	-2.616897e+00	-2.616898e+00
1.491000e+00	-2.624039e+00	-2.624039e+00
1.494000e+00	-2.630927e+00	-2.630927e+00
1.497000e+00	-2.637561e+00	-2.637561e+00
1.500000e+00	-2.643940e+00	-2.643940e+00
1.503000e+00	-2.650062e+00	-2.650062e+00
1.506000e+00	-2.655927e+00	-2.655926e+00
1.509000e+00	-2.661533e+00	-2.661532e+00
1.512000e+00	-2.666880e+00	-2.666879e+00
1.515000e+00	-2.671966e+00	-2.671966e+00
1.518000e+00	-2.676791e+00	-2.676791e+00
1.521000e+00	-2.681355e+00	-2.681354e+00
1.524000e+00	-2.685655e+00	-2.685654e+00
1.527000e+00	-2.689692e+00	-2.689691e+00
1.530000e+00	-2.693464e+00	-2.693464e+00
1.533000e+00	-2.696972e+00	-2.696971e+00
1.536000e+00	-2.700215e+00	-2.700213e+00
1.539000e+00	-2.703191e+00	-2.703190e+00
1.542000e+00	-2.705901e+00	-2.705899e+00
1.545000e+00	-2.708343e+00	-2.708342e+00
1.548000e+00	-2.710519e+00	-2.710517e+00
1.551000e+00	-2.712426e+00	-2.712425e+00
1.554000e+00	-2.714066e+00	-2.714064e+00
1.557000e+00	-2.715437e+00	-2.715435e+00
1.560000e+00	-2.716540e+00	-2.716538e+00
1.563000e+00	-2.717373e+00	-2.717372e+00
1.566000e+00	-2.717938e+00	-2.717936e+00
1.569000e+00	-2.718234e+00	-2.718232e+00
1.572000e+00	-2.718260e+00	-2.718258e+00
1.575000e+00	-2.718018e+00	-2.718016e+00
1.578000e+00	-2.717506e+00	-2.717504e+00
1.581000e+00	-2.716726e+00	-2.716724e+00
1.584000e+00	-2.715676e+00	-2.715674e+00
1.587000e+00	-2.714358e+00	-2.714356e+00
1.590000e+00	-2.712772e+00	-2.712770e+00
1.593000e+00	-2.710917e+00	-2.710915e+00
1.596000e+00	-2.708794e+00	-2.708793e+00
1.599000e+00	-2.706404e+00	-2.706403e+00
1.602000e+00	-2.703747e+00	-2.703746e+00
1.605000e+00	-2.700824e+00	-2.700822e+00
1.608000e+00	-2.697634e+00	-2.697632e+00
1.611000e+00	-2.694178e+00	-2.694177e+00
1.614000e+00	-2.690458e+00	-2.690457e+00
1.617000e+00	-2.686473e+00	-2.686472e+00
1.620000e+00	-2.682225e+00	-2.682224e+00
1.623000e+00	-2.677714e+00	-2.677712e+00
1.626000e+00	-2.672940e+00	-2.672939e+00
1.629000e+00	-2.667905e+00	-2.667904e+00
1.632000e+00	-2.662610e+00	-2.662609e+00
1.635000e+00	-2.657055e+00	-2.657054e+00
1.638000e+00	-2.651241e+00	-2.651240e+00
1.641000e+00	-2.645169e+00	-2.645169e+00
1.644000e+00	-2.638841e+00	-2.638841e+00
1.647000e+00	-2.632258e+00	-2.632257e+00
1.650000e+00	-2.625419e+00	-2.625419e+00
1.653000e+00	-2.618328e+00	-2.618328e+00
1.656000e+00	-2.610984e+00	-2.610984e+00
1.659000e+00	-2.603390e+00	-2.603390e+00
1.662000e+00	-2.595546e+00	-2.595546e+00
1.665000e+00	-2.587454e+00	-2.587453e+00
1.668000e+00	-2.579114e+00	-2.579114e+00
1.671000e+00	-2.570530e+00	-2.570530e+00
1.674000e+00	-2.561701e+00	-2.561701e+00
1.677000e+00	-2.552629e+00	-2.552630e+00
1.680000e+00	-2.543317e+00	-2.543317e+00
1.683000e+00	-2.533765e+00	-2.533765e+00
1.686000e+00	-2.523975e+00	-2.523975e+00
1.689000e+00	-2.513949e+00	-2.513949e+00
1.692000e+00	-2.503688e+00	-2.503689e+00
1.695000e+00	-2.493194e+00	-2.493195e+00
1.698000e+00	-2.482469e+00	-2.482470e+00
1.701000e+00	-2.471515e+00	-2.471516e+00
1.704000e+00	-2.460333e+00	-2.460334e+00
1.707000e+00	-2.448926e+00	-2.448927e+00
1.710000e+00	-2.437295e+00	-2.437296e+00
1.713000e+00	-2.425441e+00	-2.425443e+00
1.716000e+00	-2.413368e+00	-2.413370e+00
1.719000e+00	-2.401077e+00	-2.401079e+00
1.722000e+00	-2.388570e+00	-2.388572e+00
1.725000e+00	-2.375849e+00	-2.375851e+00
1.728000e+00	-2.362917e+00	-2.362918e+00
1.731000e+00	-2.349774e+00	-2.349776e+00
1.734000e+00	-2.336424e+00	-2.336426e+00
1.737000e+00	-2.322869e+00	-2.322871e+00
1.740000e+00	-2.309111e+00	-2.309112e+00
1.743000e+00	-2.295151e+00	-2.295153e+00
1.746000e+00	-2.280993e+00	-2.280995e+00
1.749000e+00	-2.266639e+00	-2.266641e+00
1.752000e+00	-2.252090e+00	-2.252092e+00
1.755000e+00	-2.237350e+00	-2.237352e+00
1.758000e+00	-2.222421e+00	-2.222423e+00
1.761000e+00	-2.207304e+00	-2.207306e+00
1.764000e+00	-2.192003e+00	-2.192005e+00
1.767000e+00	-2.176520e+00	-2.176522e+00
1.770000e+00	-2.160857e+00	-2.160859e+00
1.773000e+00	-2.145017e+00	-2.145019e+00
1.776000e+00	-2.129003e+00	-2.129005e+00
1.779000e+00	-2.112816e+00	-2.112818e+00
1.782000e+00	-2.096460e+00	-2.096462e+00
1.785000e+00	-2.079937e+00	-2.079939e+00
1.788000e+00	-2.063250e+00	-2.063251e+00
1.791000e+00	-2.046400e+00	-2.046402e+00
1.794000e+00	-2.029392e+00	-2.029393e+00
1.797000e+00	-2.012227e+00	-2.012229e+00
1.800000e+00	-1.994909e+00	-1.994910e+00
1.803000e+00	-1.977439e+00	-1.977440e+00
1.806000e+00	-1.959821e+00	-1.959822e+00
1.809000e+00	-1.942057e+00	-1.942058e+00
1.812000e+00	-1.924150e+00	-1.924151e+00
1.815000e+00	-1.906103e+00	-1.906104e+00
1.818000e+00	-1.887919e+00	-1.887919e+00
1.821000e+00	-1.869599e+00	-1.869600e+00
1.824000e+00	-1.851148e+00	-1.851149e+00
1.827000e+00	-1.832568e+00	-1.832568e+00
1.830000e+00	-1.813861e+00	-1.813862e+00
1.833000e+00	-1.795031e+00	-1.795031e+00
1.836000e+00	-1.776081e+00	-1.776081e+00
1.839000e+00	-1.757012e+00	-1.757012e+00
1.842000e+00	-1.737829e+00	-1.737828e+00
1.845000e+00	-1.718533e+00	-1.718533e+00
1.848000e+00	-1.699128e+00	-1.699128e+00
1.851000e+00	-1.679617e+00	-1.679616e+00
1.854000e+00	-1.660002e+00	-1.660001e+00
1.857000e+00	-1.640286e+00	-1.640285e+00
1.860000e+00	-1.620473e+00	-1.620472e+00
1.863000e+00	-1.600565e+00	-1.600564e+00
1.866000e+00	-1.580565e+00	-1.580563e+00
1.869000e+00	-1.560475e+00	-1.560474e+00
1.872000e+00	-1.540300e+00	-1.540298e+00
1.875000e+00	-1.520041e+00	-1.520040e+00
1.878000e+00	-1.499702e+00	-1.499700e+00
1.881000e+00	-1.479285e+00	-1.479283e+00
1.884000e+00	-1.458794e+00	-1.458792e+00
1.887000e+00	-1.438230e+00	-1.438228e+00
1.890000e+00	-1.417598e+00	-1.417596e+00
1.893000e+00	-1.396900e+00	-1.396898e+00
1.896000e+00	-1.376139e+00	-1.376137e+00
1.899000e+00	-1.355318e+00	-1.355316e+00
1.902000e+00	-1.334439e+00	-1.334437e+00
1.905000e+00	-1.313506e+00	-1.313504e+00
1.908000e+00	-1.292522e+00	-1.292520e+00
1.911000e+00	-1.271489e+00	-1.271486e+00
1.914000e+00	-1.250410e+00	-1.250407e+00
1.917000e+00	-1.229288e+00	-1.229285e+00
1.920000e+00	-1.208125e+00	-1.208123e+00
1.923000e+00	-1.186926e+00	-1.186924e+00
1.926000e+00	-1.165692e+00	-1.165690e+00
1.929000e+00	-1.144427e+00	-1.144424e+00
1.932000e+00	-1.123132e+00	-1.123130e+00
1.935000e+00	-1.101812e+00	-1.101809e+00
1.938000e+00	-1.080468e+00	-1.080466e+00
1.941000e+00	-1.059104e+00	-1.059102e+00
1.944000e+00	-1.037722e+00	-1.037720e+00
1.947000e+00	-1.016325e+00	-1.016323e+00
1.950000e+00	-9.949165e-01	-9.949145e-01
1.953000e+00	-9.734982e-01	-9.734962e-01
1.956000e+00	-9.520730e-01	-9.520711e-01
1.959000e+00	-9.306439e-01	-9.306421e-01
1.962000e+00	-9.092134e-01	-9.092117e-01
1.965000e+00	-8.877842e-01	-8.877826e-01
1.968000e+00	-8.663590e-01	-8.663575e-01
1.971000e+00	-8.449405e-01	-8.449391e-01
1.974000e+00	-8.235312e-01	-8.235299e-01
1.977000e+00	-8.021337e-01	-8.021326e-01
1.980000e+00	-7.807507e-01	-7.807497e-01
1.983000e+00	-7.593848e-01	-7.593839e-01
1.986000e+00	-7.380385e-01	-7.380378e-01
1.989000e+00	-7.167143e-01	-7.167137e-01
1.992000e+00	-6.954147e-01	-6.954143e-01
1.995000e+00	-6.741424e-01	-6.741421e-01
1.998000e+00	-6.528996e-01	-6.528995e-01
2.001000e+00	-6.316890e-01	-6.316890e-01
2.004000e+00	-6.105129e-01	-6.105131e-01
2.007000e+00	-5.893738e-01	-5.893742e-01
2.010000e+00	-5.682741e-01	-5.682747e-01
2.013000e+00	-5.472161e-01	-5.472169e-01
2.016000e+00	-5.262023e-01	-5.262032e-01
2.019000e+00	-5.052349e-01	-5.052360e-01
2.022000e+00	-4.843163e-01	-4.843175e-01
2.025000e+00	-4.634487e-01	-4.634501e-01
2.028000e+00	-4.426345e-01	-4.426361e-01
2.031000e+00	-4.218759e-01	-4.218776e-01
2.034000e+00	-4.011751e-01	-4.011770e-01
2.037000e+00	-3.805343e-01	-3.805363e-01
2.040000e+00	-3.599557e-01	-3.599579e-01
2.043000e+00	-3.394414e-01	-3.394438e-01
2.046000e+00	-3.189936e-01	-3.189961e-01
2.049000e+00	-2.986144e-01	-2.986171e-01
2.052000e+00	-2.783059e-01	-2.783086e-01
2.055000e+00	-2.580700e-01	-2.580729e-01
2.058000e+00	-2.379090e-01	-2.379120e-01
2.061000e+00	-2.178246e-01	-2.178277e-01
2.064000e+00	-1.978190e-01	-1.978222e-01
2.067000e+00	-1.778941e-01	-1.778974e-01
2.070000e+00	-1.580518e-01	-1.580552e-01
2.073000e+00	-1.382940e-01	-1.382975e-01
2.076000e+00	-1.186226e-01	-1.186261e-01
2.079000e+00	-9.903944e-02	-9.904305e-02
2.082000e+00	-7.954634e-02	-7.955000e-02
2.085000e+00	-6.014511e-02	-6.014880e-02
2.088000e+00	-4.083751e-02	-4.084123e-02
2.091000e+00	-2.162529e-02	-2.162901e-02
2.094000e+00	-2.510153e-03	-2.513878e-03
2.097000e+00	1.650620e-02	1.650249e-02
2.100000e+00	3.542212e-02	3.541843e-02
2.103000e+00	5.423595e-02	5.423230e-02
2.106000e+00	7.294611e-02	7.294251e-02
2.109000e+00	9.155100e-02	9.154746e-02
2.112000e+00	1.100491e-01	1.100456e-01
2.115000e+00	1.284388e-01	1.284354e-01
2.118000e+00	1.467187e-01	1.467154e-01
2.121000e+00	1.648873e-01	1.648841e-01
2.124000e+00	1.829431e-01	1.829401e-01
2.127000e+00	2.008848e-01	2.008819e-01
2.130000e+00	2.187109e-01	2.187082e-01
2.133000e+00	2.364201e-01	2.364176e-01
2.136000e+00	2.540111e-01	2.540087e-01
2.139000e+00	2.714826e-01	2.714803e-01
2.142000e+00	2.888332e-01	2.888312e-01
2.145000e+00	3.060617e-01	3.060599e-01
2.148000e+00	3.231670e-01	3.231654e-01
2.151000e+00	3.401477e-01	3.401464e-01
2.154000e+00	3.570029e-01	3.570017e-01
2.157000e+00	3.737312e-01	3.737303e-01
2.160000e+00	3.903316e-01	3.903310e-01
2.163000e+00	4.068031e-01	4.068028e-01
2.166000e+00	4.231445e-01	4.231445e-01
2.169000e+00	4.393549e-01	4.393551e-01
2.172000e+00	4.554332e-01	4.554337e-01
2.175000e+00	4.713785e-01	4.713793e-01
2.178000e+00	4.871898e-01	4.871909e-01
2.181000e+00	5.028662e-01	5.028676e-01
2.184000e+00	5.184069e-01	5.184085e-01
2.187000e+00	5.338108e-01	5.338128e-01
2.190000e+00	5.490773e-01	5.490796e-01
2.193000e+00	5.642054e-01	5.642080e-01
2.196000e+00	5.791945e-01	5.791974e-01
2.199000e+00	5.940437e-01	5.940469e-01
2.202000e+00	6.087523e-01	6.087558e-01
2.205000e+00	6.233197e-01	6.233234e-01
2.208000e+00	6.377450e-01	6.377491e-01
2.211000e+00	6.520278e-01	6.520321e-01
2.214000e+00	6.661672e-01	6.661719e-01
2.217000e+00	6.801629e-01	6.801677e-01
2.220000e+00	6.940140e-01	6.940192e-01
2.223000e+00	7.077202e-01	7.077256e-01
2.226000e+00	7.212809e-01	7.212865e-01
2.229000e+00	7.346955e-01	7.347014e-01
2.232000e+00	7.479637e-01	7.479697e-01
2.235000e+00	7.610848e-01	7.610911e-01
2.238000e+00	7.740586e-01	7.740650e-01
2.241000e+00	7.868846e-01	7.868912e-01
2.244000e+00	7.995625e-01	7.995692e-01
2.247000e+00	8.120918e-01	8.120986e-01
2.250000e+00	8.244722e-01	8.244791e-01
2.253000e+00	8.367035e-01	8.367105e-01
2.256000e+00	8.487853e-01	8.487923e-01
2.259000e+00	8.607173e-01	8.607244e-01
2.262000e+00	8.724994e-01	8.725066e-01
2.265000e+00	8.841313e-01	8.841385e-01
2.268000e+00	8.956129e-01	8.956200e-01
2.271000e+00	9.069438e-01	9.069509e-01
2.274000e+00	9.181241e-01	9.181310e-01
2.277000e+00	9.291535e-01	9.291603e-01
2.280000e+00	9.400319e-01	9.400387e-01
2.283000e+00	9.507594e-01	9.507659e-01
2.286000e+00	9.613357e-01	9.613420e-01
2.289000e+00	9.717608e-01	9.717670e-01
2.292000e+00	9.820348e-01	9.820407e-01
2.295000e+00	9.921576e-01	9.921632e-01
2.298000e+00	1.002129e+00	1.002135e+00
2.301000e+00	1.011950e+00	1.011955e+00
2.304000e+00	1.021619e+00	1.021624e+00
2.307000e+00	1.031137e+00	1.031142e+00
2.310000e+00	1.040505e+00	1.040509e+00
2.313000e+00	1.049722e+00	1.049725e+00
2.316000e+00	1.058788e+00	1.058791e+00
2.319000e+00	1.067703e+00	1.067706e+00
2.322000e+00	1.076468e+00	1.076470e+00
2.325000e+00	1.085083e+00	1.085085e+00
2.328000e+00	1.093548e+00	1.093549e+00
2.331000e+00	1.101863e+00	1.101864e+00
2.334000e+00	1.110029e+00	1.110029e+00
2.337000e+00	1.118045e+00	1.118044e+00
2.340000e+00	1.125913e+00	1.125911e+00
2.343000e+00	1.133631e+00	1.133629e+00
2.346000e+00	1.141202e+00	1.141199e+00
2.349000e+00	1.148624e+00	1.148620e+00
2.352000e+00	1.155898e+00	1.155894e+00
2.355000e+00	1.163025e+00	1.163021e+00
2.358000e+00	1.170005e+00	1.170000e+00
2.361000e+00	1.176839e+00	1.176833e+00
2.364000e+00	1.183526e+00	1.183519e+00
2.367000e+00	1.190067e+00	1.190059e+00
2.370000e+00	1.196463e+00	1.196455e+00
2.373000e+00	1.202713e+00	1.202705e+00
2.376000e+00	1.208820e+00	1.208810e+00
2.379000e+00	1.214782e+00	1.214772e+00
2.382000e+00	1.220600e+00	1.220589e+00
2.385000e+00	1.226276e+00	1.226264e+00
2.388000e+00	1.231808e+00	1.231796e+00
2.391000e+00	1.237199e+00	1.237186e+00
2.394000e+00	1.242448e+00	1.242435e+00
2.397000e+00	1.247556e+00	1.247542e+00
2.400000e+00	1.252523e+00	1.252509e+00
2.403000e+00	1.257351e+00	1.257336e+00
2.406000e+00	1.262039e+00	1.262024e+00
2.409000e+00	1.266589e+00	1.266573e+00
2.412000e+00	1.271000e+00	1.270984e+00
2.415000e+00	1.275274e+00	1.275257e+00
2.418000e+00	1.279410e+00	1.279394e+00
2.421000e+00	1.283410e+00	1.283394e+00
2.424000e+00	1.287275e+00	1.287258e+00
2.427000e+00	1.291005e+00	1.290987e+00
2.430000e+00	1.294600e+00	1.294582e+00
2.433000e+00	1.298061e+00	1.298044e+00
2.436000e+00	1.301389e+00	1.301372e+00
2.439000e+00	1.304585e+00	1.304568e+00
2.442000e+00	1.307649e+00	1.307632e+00
2.445000e+00	1.310582e+00	1.310565e+00
2.448000e+00	1.313384e+00	1.313368e+00
2.451000e+00	1.316057e+00	1.316041e+00
2.454000e+00	1.318601e+00	1.318586e+00
2.457000e+00	1.321017e+00	1.321002e+00
2.460000e+00	1.323306e+00	1.323291e+00
2.463000e+00	1.325467e+00	1.325453e+00
2.466000e+00	1.327503e+00	1.327490e+00
2.469000e+00	1.329413e+00	1.329401e+00
2.472000e+00	1.331199e+00	1.331187e+00
2.475000e+00	1.332861e+00	1.332850e+00
2.478000e+00	1.334400e+00	1.334391e+00
2.481000e+00	1.335817e+00	1.335809e+00
2.484000e+00	1.337113e+00	1.337105e+00
2.487000e+00	1.338287e+00	1.338281e+00
2.490000e+00	1.339342e+00	1.339338e+00
2.493000e+00	1.340278e+00	1.340275e+00
2.496000e+00	1.341096e+00	1.341094e+00
2.499000e+00	1.341796e+00	1.341795e+00
2.502000e+00	1.342379e+00	1.342380e+00
2.505000e+00	1.342847e+00	1.342850e+00
2.508000e+00	1.343199e+00	1.343204e+00
2.511000e+00	1.343438e+00	1.343444e+00
2.514000e+00	1.343562e+00	1.343570e+00
2.517000e+00	1.343574e+00	1.343584e+00
2.520000e+00	1.343475e+00	1.343486e+00
2.523000e+00	1.343264e+00	1.343277e+00
2.526000e+00	1.342943e+00	1.342958e+00
2.529000e+00	1.342513e+00	1.342530e+00
2.532000e+00	1.341974e+00	1.341993e+00
2.535000e+00	1.341327e+00	1.341349e+00
2.538000e+00	1.340574e+00	1.340598e+00
2.541000e+00	1.339715e+00	1.339740e+00
2.544000e+00	1.338750e+00	1.338778e+00
2.547000e+00	1.337681e+00	1.337711e+00
2.550000e+00	1.336509e+00	1.336541e+00
2.553000e+00	1.335234e+00	1.335268e+00
2.556000e+00	1.333857e+00	1.333893e+00
2.559000e+00	1.332379e+00	1.332417e+00
2.562000e+00	1.330801e+00	1.330840e+00
2.565000e+00	1.329124e+00	1.329165e+00
2.568000e+00	1.327348e+00	1.327391e+00
2.571000e+00	1.325474e+00	1.325519e+00
2.574000e+00	1.323504e+00	1.323550e+00
2.577000e+00	1.321438e+00	1.321485e+00
2.580000e+00	1.319276e+00	1.319325e+00
2.583000e+00	1.317021e+00	1.317071e+00
2.586000e+00	1.314672e+00	1.314723e+00
2.589000e+00	1.312230e+00	1.312282e+00
2.592000e+00	1.309696e+00	1.309749e+00
2.595000e+00	1.307072e+00	1.307125e+00
2.598000e+00	1.304357e+00	1.304411e+00
2.601000e+00	1.301554e+00	1.301608e+00
2.604000e+00	1.298661e+00	1.298715e+00
2.607000e+00	1.295681e+00	1.295735e+00
2.610000e+00	1.292615e+00	1.292668e+00
2.613000e+00	1.289462e+00	1.289515e+00
2.616000e+00	1.286224e+00	1.286277e+00
2.619000e+00	1.282902e+00	1.282953e+00
2.622000e+00	1.279496e+00	1.279547e+00
2.625000e+00	1.276008e+00	1.276057e+00
2.628000e+00	1.272438e+00	1.272485e+00
2.631000e+00	1.268786e+00	1.268831e+00
2.634000e+00	1.265055e+00	1.265098e+00
2.637000e+00	1.261244e+00	1.261284e+00
2.640000e+00	1.257354e+00	1.257392e+00
2.643000e+00	1.253387e+00	1.253421e+00
2.646000e+00	1.249342e+00	1.249373e+00
2.649000e+00	1.245221e+00	1.245249e+00
2.652000e+00	1.241025e+00	1.241048e+00
2.655000e+00	1.236754e+00	1.236773e+00
2.658000e+00	1.232409e+00	1.232424e+00
2.661000e+00	1.227991e+00	1.228001e+00
2.664000e+00	1.223501e+00	1.223506e+00
2.667000e+00	1.218939e+00	1.218938e+00
2.670000e+00	1.214306e+00	1.214300e+00
2.673000e+00	1.209604e+00	1.209592e+00
2.676000e+00	1.204832e+00	1.204813e+00
2.679000e+00	1.199992e+00	1.199967e+00
2.682000e+00	1.195083e+00	1.195052e+00
2.685000e+00	1.190108e+00	1.190070e+00
2.688000e+00	1.185067e+00	1.185021e+00
2.691000e+00	1.179960e+00	1.179907e+00
2.694000e+00	1.174789e+00	1.174728e+00
2.697000e+00	1.169553e+00	1.169484e+00
2.700000e+00	1.164254e+00	1.164178e+00
2.703000e+00	1.158893e+00	1.158808e+00
2.706000e+00	1.153470e+00	1.153377e+00
2.709000e+00	1.147985e+00	1.147884e+00
2.712000e+00	1.142441e+00	1.142331e+00
2.715000e+00	1.136836e+00	1.136718e+00
2.718000e+00	1.131173e+00	1.131047e+00
2.721000e+00	1.125451e+00	1.125317e+00
2.724000e+00	1.119672e+00	1.119529e+00
2.727000e+00	1.113836e+00	1.113685e+00
2.730000e+00	1.107944e+00	1.107785e+00
2.733000e+00	1.101996e+00	1.101829e+00
2.736000e+00	1.095994e+00	1.095819e+00
2.739000e+00	1.089937e+00	1.089754e+00
2.742000e+00	1.083827e+00	1.083637e+00
2.745000e+00	1.077664e+00	1.077467e+00
2.748000e+00	1.071449e+00	1.071246e+00
2.751000e+00	1.065182e+00	1.064973e+00
2.754000e+00	1.058865e+00	1.058650e+00
2.757000e+00	1.052497e+00	1.052277e+00
2.760000e+00	1.046080e+00	1.045856e+00
2.763000e+00	1.039614e+00	1.039386e+00
2.766000e+00	1.033099e+00	1.032868e+00
2.769000e+00	1.026537e+00	1.026304e+00
2.772000e+00	1.019928e+00	1.019693e+00
2.775000e+00	1.013273e+00	1.013037e+00
2.778000e+00	1.006572e+00	1.006336e+00
2.781000e+00	9.998253e-01	9.995912e-01
2.784000e+00	9.930343e-01	9.928024e-01
2.787000e+00	9.861993e-01	9.859708e-01
2.790000e+00	9.793210e-01	9.790969e-01
2.793000e+00	9.723998e-01	9.721814e-01
2.796000e+00	9.654365e-01	9.652250e-01
2.799000e+00	9.584315e-01	9.582283e-01
2.802000e+00	9.513855e-01	9.511919e-01
2.805000e+00	9.442990e-01	9.441164e-01
2.808000e+00	9.371725e-01	9.370025e-01
2.811000e+00	9.300067e-01	9.298507e-01
2.814000e+00	9.228022e-01	9.226617e-01
2.817000e+00	9.155593e-01	9.154361e-01
2.820000e+00	9.082788e-01	9.081744e-01
2.823000e+00	9.009611e-01	9.008772e-01
2.826000e+00	8.936067e-01	8.935450e-01
2.829000e+00	8.862163e-01	8.861786e-01
2.832000e+00	8.787903e-01	8.787783e-01
2.835000e+00	8.713292e-01	8.713447e-01
2.838000e+00	8.638337e-01	8.638785e-01
2.841000e+00	8.563041e-01	8.563799e-01
2.844000e+00	8.487410e-01	8.488497e-01
2.847000e+00	8.411449e-01	8.412883e-01
2.850000e+00	8.335163e-01	8.336961e-01
2.853000e+00	8.258557e-01	8.260736e-01
2.856000e+00	8.181636e-01	8.184213e-01
2.859000e+00	8.104405e-01	8.107397e-01
2.862000e+00	8.026868e-01	8.030291e-01
2.865000e+00	7.949030e-01	7.952900e-01
2.868000e+00	7.870896e-01	7.875227e-01
2.871000e+00	7.792471e-01	7.797277e-01
2.874000e+00	7.713759e-01	7.719053e-01
2.877000e+00	7.634765e-01	7.640558e-01
2.880000e+00	7.555493e-01	7.561797e-01
2.883000e+00	7.475948e-01	7.482771e-01
2.886000e+00	7.396135e-01	7.403484e-01
2.889000e+00	7.316057e-01	7.323939e-01
2.892000e+00	7.235720e-01	7.244138e-01
2.895000e+00	7.155127e-01	7.164084e-01
2.898000e+00	7.074282e-01	7.083778e-01
2.901000e+00	6.993191e-01	7.003223e-01
2.904000e+00	6.911857e-01	6.922420e-01
2.907000e+00	6.830284e-01	6.841371e-01
2.910000e+00	6.748476e-01	6.760077e-01
2.913000e+00	6.666439e-01	6.678539e-01
2.916000e+00	6.584174e-01	6.596758e-01
2.919000e+00	6.501688e-01	6.514734e-01
2.922000e+00	6.418982e-01	6.432467e-01
2.925000e+00	6.336063e-01	6.349959e-01
2.928000e+00	6.252932e-01	6.267208e-01
2.931000e+00	6.169595e-01	6.184214e-01
2.934000e+00	6.086055e-01	6.100976e-01
2.937000e+00	6.002316e-01	6.017495e-01
2.940000e+00	5.918381e-01	5.933767e-01
2.943000e+00	5.834254e-01	5.849793e-01
2.946000e+00	5.749939e-01	5.765570e-01
2.949000e+00	5.665440e-01	5.681097e-01
2.952000e+00	5.580760e-01	5.596372e-01
2.955000e+00	5.495902e-01	5.511392e-01
2.958000e+00	5.410871e-01	5.426155e-01
2.961000e+00	5.325670e-01	5.340658e-01
2.964000e+00	5.240301e-01	5.254899e-01
2.967000e+00	5.154769e-01	5.168874e-01
2.970000e+00	5.069077e-01	5.082580e-01
2.973000e+00	4.983229e-01	4.996014e-01
2.976000e+00	4.897227e-01	4.909172e-01
2.979000e+00	4.811075e-01	4.822051e-01
2.982000e+00	4.724776e-01	4.734647e-01
2.985000e+00	4.638333e-01	4.646957e-01
2.988000e+00	4.551751e-01	4.558976e-01
2.991000e+00	4.465031e-01	4.470702e-01
2.994000e+00	4.378177e-01	4.382130e-01
2.997000e+00	4.291193e-01	4.293258e-01
3.000000e+00	4.204080e-01	4.204080e-01
