0.000000e+00	0.000000e+00	0.000000e+00
3.000000e-03	8.999959e-03	9.002479e-03
6.000000e-03	1.799968e-02	1.800470e-02
9.000000e-03	2.699891e-02	2.700641e-02
1.200000e-02	3.599741e-02	3.600735e-02
1.500000e-02	4.499494e-02	4.500727e-02
1.800000e-02	5.399125e-02	5.400590e-02
2.100000e-02	6.298610e-02	6.300299e-02
2.400000e-02	7.197925e-02	7.199829e-02
2.700000e-02	8.097045e-02	8.099154e-02
3.000000e-02	8.995945e-02	8.998249e-02
3.300000e-02	9.894602e-02	9.897086e-02
3.600000e-02	1.079299e-01	1.079564e-01
3.900000e-02	1.169108e-01	1.169389e-01
4.200000e-02	1.258886e-01	1.259180e-01
4.500000e-02	1.348629e-01	1.348936e-01
4.800000e-02	1.438336e-01	1.438653e-01
5.100000e-02	1.528003e-01	1.528329e-01
5.400000e-02	1.617629e-01	1.617962e-01
5.700000e-02	1.707210e-01	1.707548e-01
6.000000e-02	1.796745e-01	1.797086e-01
6.300000e-02	1.886230e-01	1.886572e-01
6.600000e-02	1.975663e-01	1.976005e-01
6.900000e-02	2.065042e-01	2.065381e-01
7.200000e-02	2.154363e-01	2.154698e-01
7.500000e-02	2.243625e-01	2.243954e-01
7.800000e-02	2.332825e-01	2.333145e-01
8.100000e-02	2.421960e-01	2.422270e-01
8.400000e-02	2.511027e-01	2.511326e-01
8.700000e-02	2.600024e-01	2.600309e-01
9.000000e-02	2.688949e-01	2.689219e-01
9.300000e-02	2.777798e-01	2.778052e-01
9.600000e-02	2.866568e-01	2.866805e-01
9.900000e-02	2.955258e-01	2.955476e-01
1.020000e-01	3.043864e-01	3.044062e-01
1.050000e-01	3.132384e-01	3.132561e-01
1.080000e-01	3.220815e-01	3.220971e-01
1.110000e-01	3.309154e-01	3.309288e-01
1.140000e-01	3.397398e-01	3.397511e-01
1.170000e-01	3.485544e-01	3.485635e-01
1.200000e-01	3.573590e-01	3.573660e-01
1.230000e-01	3.661533e-01	3.661583e-01
1.260000e-01	3.749370e-01	3.749400e-01
1.290000e-01	3.837097e-01	3.837110e-01
1.320000e-01	3.924712e-01	3.924709e-01
1.350000e-01	4.012213e-01	4.012196e-01
1.380000e-01	4.099595e-01	4.099567e-01
1.410000e-01	4.186856e-01	4.186820e-01
1.440000e-01	4.273994e-01	4.273953e-01
1.470000e-01	4.361004e-01	4.360962e-01
1.500000e-01	4.447884e-01	4.447846e-01
1.530000e-01	4.534630e-01	4.534602e-01
1.560000e-01	4.621240e-01	4.621227e-01
1.590000e-01	4.707710e-01	4.707719e-01
1.620000e-01	4.794038e-01	4.794074e-01
1.650000e-01	4.880219e-01	4.880289e-01
1.680000e-01	4.966251e-01	4.966359e-01
1.710000e-01	5.052130e-01	5.052280e-01
1.740000e-01	5.137853e-01	5.138049e-01
1.770000e-01	5.223417e-01	5.223660e-01
1.800000e-01	5.308818e-01	5.309111e-01
1.830000e-01	5.394053e-01	5.394397e-01
1.860000e-01	5.479118e-01	5.479513e-01
1.890000e-01	5.564010e-01	5.564456e-01
1.920000e-01	5.648726e-01	5.649222e-01
1.950000e-01	5.733261e-01	5.733807e-01
1.980000e-01	5.817612e-01	5.818206e-01
2.010000e-01	5.901777e-01	5.902415e-01
2.040000e-01	5.985750e-01	5.986431e-01
2.070000e-01	6.069528e-01	6.070249e-01
2.100000e-01	6.153108e-01	6.153865e-01
2.130000e-01	6.236485e-01	6.237275e-01
2.160000e-01	6.319657e-01	6.320475e-01
2.190000e-01	6.402618e-01	6.403461e-01
2.220000e-01	6.485366e-01	6.486229e-01
2.250000e-01	6.567896e-01	6.568774e-01
2.280000e-01	6.650205e-01	6.651093e-01
2.310000e-01	6.732288e-01	6.733182e-01
2.340000e-01	6.814141e-01	6.815036e-01
2.370000e-01	6.895761e-01	6.896651e-01
2.400000e-01	6.977142e-01	6.978024e-01
2.430000e-01	7.058282e-01	7.059150e-01
2.460000e-01	7.139176e-01	7.140025e-01
2.490000e-01	7.219819e-01	7.220645e-01
2.520000e-01	7.300207e-01	7.301006e-01
2.550000e-01	7.380336e-01	7.381103e-01
2.580000e-01	7.460202e-01	7.460934e-01
2.610000e-01	7.539801e-01	7.540493e-01
2.640000e-01	7.619127e-01	7.619776e-01
2.670000e-01	7.698176e-01	7.698780e-01
2.700000e-01	7.776944e-01	7.777501e-01
2.730000e-01	7.855426e-01	7.855934e-01
2.760000e-01	7.933618e-01	7.934075e-01
2.790000e-01	8.011514e-01	8.011920e-01
2.820000e-01	8.089111e-01	8.089465e-01
2.850000e-01	8.166403e-01	8.166706e-01
2.880000e-01	8.243386e-01	8.243639e-01
2.910000e-01	8.320055e-01	8.320259e-01
2.940000e-01	8.396404e-01	8.396564e-01
2.970000e-01	8.472430e-01	8.472548e-01
3.000000e-01	8.548126e-01	8.548207e-01
3.030000e-01	8.623489e-01	8.623538e-01
3.060000e-01	8.698512e-01	8.698536e-01
3.090000e-01	8.773191e-01	8.773198e-01
3.120000e-01	8.847521e-01	8.847518e-01
3.150000e-01	8.921496e-01	8.921494e-01
3.180000e-01	8.995111e-01	8.995120e-01
3.210000e-01	9.068361e-01	9.068392e-01
3.240000e-01	9.141240e-01	9.141302e-01
3.270000e-01	9.213743e-01	9.213844e-01
3.300000e-01	9.285865e-01	9.286011e-01
3.330000e-01	9.357600e-01	9.357796e-01
3.360000e-01	9.428943e-01	9.429194e-01
3.390000e-01	9.499887e-01	9.500198e-01
3.420000e-01	9.570428e-01	9.570800e-01
3.450000e-01	9.640559e-01	9.640995e-01
3.480000e-01	9.710276e-01	9.710776e-01
3.510000e-01	9.779571e-01	9.780135e-01
3.540000e-01	9.848439e-01	9.849068e-01
3.570000e-01	9.916875e-01	9.917566e-01
3.600000e-01	9.984872e-01	9.985624e-01
3.630000e-01	1.005242e+00	1.005323e+00
3.660000e-01	1.011953e+00	1.012039e+00
3.690000e-01	1.018617e+00	1.018709e+00
3.720000e-01	1.025235e+00	1.025332e+00
3.750000e-01	1.031807e+00	1.031907e+00
3.780000e-01	1.038331e+00	1.038435e+00
3.810000e-01	1.044806e+00	1.044914e+00
3.840000e-01	1.051233e+00	1.051344e+00
3.870000e-01	1.057611e+00	1.057723e+00
3.900000e-01	1.063938e+00	1.064052e+00
3.930000e-01	1.070215e+00	1.070330e+00
3.960000e-01	1.076440e+00	1.076556e+00
3.990000e-01	1.082613e+00	1.082729e+00
4.020000e-01	1.088734e+00	1.088849e+00
4.050000e-01	1.094801e+00	1.094914e+00
4.080000e-01	1.100815e+00	1.100926e+00
4.110000e-01	1.106773e+00	1.106882e+00
4.140000e-01	1.112677e+00	1.112782e+00
4.170000e-01	1.118524e+00	1.118625e+00
4.200000e-01	1.124314e+00	1.124412e+00
4.230000e-01	1.130047e+00	1.130140e+00
4.260000e-01	1.135722e+00	1.135810e+00
4.290000e-01	1.141338e+00	1.141421e+00
4.320000e-01	1.146895e+00	1.146972e+00
4.350000e-01	1.152391e+00	1.152462e+00
4.380000e-01	1.157826e+00	1.157891e+00
4.410000e-01	1.163200e+00	1.163259e+00
4.440000e-01	1.168511e+00	1.168563e+00
4.470000e-01	1.173759e+00	1.173805e+00
4.500000e-01	1.178944e+00	1.178983e+00
4.530000e-01	1.184063e+00	1.184096e+00
4.560000e-01	1.189118e+00	1.189144e+00
4.590000e-01	1.194106e+00	1.194127e+00
4.620000e-01	1.199027e+00	1.199043e+00
4.650000e-01	1.203881e+00	1.203892e+00
4.680000e-01	1.208667e+00	1.208673e+00
4.710000e-01	1.213383e+00	1.213386e+00
4.740000e-01	1.218029e+00	1.218029e+00
4.770000e-01	1.222605e+00	1.222603e+00
4.800000e-01	1.227110e+00	1.227106e+00
4.830000e-01	1.231542e+00	1.231538e+00
4.860000e-01	1.235901e+00	1.235897e+00
4.890000e-01	1.240187e+00	1.240184e+00
4.920000e-01	1.244398e+00	1.244396e+00
4.950000e-01	1.248534e+00	1.248534e+00
4.980000e-01	1.252594e+00	1.252595e+00
5.010000e-01	1.256576e+00	1.256580e+00
5.040000e-01	1.260482e+00	1.260488e+00
5.070000e-01	1.264308e+00	1.264318e+00
5.100000e-01	1.268055e+00	1.268068e+00
5.130000e-01	1.271723e+00	1.271739e+00
5.160000e-01	1.275309e+00	1.275328e+00
5.190000e-01	1.278814e+00	1.278836e+00
5.220000e-01	1.282236e+00	1.282262e+00
5.250000e-01	1.285574e+00	1.285604e+00
5.280000e-01	1.288829e+00	1.288862e+00
5.310000e-01	1.291999e+00	1.292035e+00
5.340000e-01	1.295082e+00	1.295122e+00
5.370000e-01	1.298079e+00	1.298122e+00
5.400000e-01	1.300989e+00	1.301035e+00
5.430000e-01	1.303810e+00	1.303859e+00
5.460000e-01	1.306543e+00	1.306594e+00
5.490000e-01	1.309185e+00	1.309239e+00
5.520000e-01	1.311737e+00	1.311793e+00
5.550000e-01	1.314197e+00	1.314255e+00
5.580000e-01	1.316564e+00	1.316624e+00
5.610000e-01	1.318838e+00	1.318900e+00
5.640000e-01	1.321018e+00	1.321082e+00
5.670000e-01	1.323103e+00	1.323168e+00
5.700000e-01	1.325093e+00	1.325158e+00
5.730000e-01	1.326985e+00	1.327051e+00
5.760000e-01	1.328781e+00	1.328846e+00
5.790000e-01	1.330478e+00	1.330543e+00
5.820000e-01	1.332075e+00	1.332141e+00
5.850000e-01	1.333573e+00	1.333638e+00
5.880000e-01	1.334970e+00	1.335033e+00
5.910000e-01	1.336265e+00	1.336327e+00
5.940000e-01	1.337458e+00	1.337518e+00
5.970000e-01	1.338547e+00	1.338605e+00
6.000000e-01	1.339533e+00	1.339588e+00
6.030000e-01	1.340413e+00	1.340465e+00
6.060000e-01	1.341187e+00	1.341236e+00
6.090000e-01	1.341855e+00	1.341900e+00
6.120000e-01	1.342415e+00	1.342455e+00
6.150000e-01	1.342867e+00	1.342902e+00
6.180000e-01	1.343209e+00	1.343240e+00
6.210000e-01	1.343442e+00	1.343466e+00
6.240000e-01	1.343563e+00	1.343582e+00
6.270000e-01	1.343574e+00	1.343585e+00
6.300000e-01	1.343471e+00	1.343475e+00
6.330000e-01	1.343255e+00	1.343252e+00
6.360000e-01	1.342926e+00	1.342913e+00
6.390000e-01	1.342481e+00	1.342459e+00
6.420000e-01	1.341920e+00	1.341889e+00
6.450000e-01	1.341243e+00	1.341203e+00
6.480000e-01	1.340449e+00	1.340399e+00
6.510000e-01	1.339537e+00	1.339476e+00
6.540000e-01	1.338505e+00	1.338435e+00
6.570000e-01	1.337354e+00	1.337275e+00
6.600000e-01	1.336083e+00	1.335994e+00
6.630000e-01	1.334690e+00	1.334592e+00
6.660000e-01	1.333175e+00	1.333068e+00
6.690000e-01	1.331537e+00	1.331422e+00
6.720000e-01	1.329776e+00	1.329654e+00
6.750000e-01	1.327890e+00	1.327761e+00
6.780000e-01	1.325879e+00	1.325744e+00
6.810000e-01	1.323743e+00	1.323602e+00
6.840000e-01	1.321479e+00	1.321334e+00
6.870000e-01	1.319089e+00	1.318940e+00
6.900000e-01	1.316570e+00	1.316419e+00
6.930000e-01	1.313923e+00	1.313769e+00
6.960000e-01	1.311146e+00	1.310991e+00
6.990000e-01	1.308239e+00	1.308084e+00
7.020000e-01	1.305201e+00	1.305047e+00
7.050000e-01	1.302031e+00	1.301879e+00
7.080000e-01	1.298729e+00	1.298580e+00
7.110000e-01	1.295294e+00	1.295149e+00
7.140000e-01	1.291725e+00	1.291585e+00
7.170000e-01	1.288022e+00	1.287888e+00
7.200000e-01	1.284185e+00	1.284056e+00
7.230000e-01	1.280211e+00	1.280090e+00
7.260000e-01	1.276102e+00	1.275988e+00
7.290000e-01	1.271855e+00	1.271750e+00
7.320000e-01	1.267471e+00	1.267375e+00
7.350000e-01	1.262949e+00	1.262863e+00
7.380000e-01	1.258288e+00	1.258212e+00
7.410000e-01	1.253488e+00	1.253422e+00
7.440000e-01	1.248548e+00	1.248493e+00
7.470000e-01	1.243468e+00	1.243423e+00
7.500000e-01	1.238247e+00	1.238212e+00
7.530000e-01	1.232884e+00	1.232860e+00
7.560000e-01	1.227380e+00	1.227365e+00
7.590000e-01	1.221733e+00	1.221727e+00
7.620000e-01	1.215942e+00	1.215945e+00
7.650000e-01	1.210009e+00	1.210018e+00
7.680000e-01	1.203931e+00	1.203946e+00
7.710000e-01	1.197709e+00	1.197729e+00
7.740000e-01	1.191342e+00	1.191364e+00
7.770000e-01	1.184829e+00	1.184853e+00
7.800000e-01	1.178171e+00	1.178193e+00
7.830000e-01	1.171367e+00	1.171385e+00
7.860000e-01	1.164416e+00	1.164427e+00
7.890000e-01	1.157318e+00	1.157320e+00
7.920000e-01	1.150073e+00	1.150061e+00
7.950000e-01	1.142680e+00	1.142652e+00
7.980000e-01	1.135139e+00	1.135092e+00
8.010000e-01	1.127449e+00	1.127382e+00
8.040000e-01	1.119611e+00	1.119520e+00
8.070000e-01	1.111624e+00	1.111509e+00
8.100000e-01	1.103488e+00	1.103347e+00
8.130000e-01	1.095202e+00	1.095035e+00
8.160000e-01	1.086767e+00	1.086573e+00
8.190000e-01	1.078182e+00	1.077961e+00
8.220000e-01	1.069446e+00	1.069199e+00
8.250000e-01	1.060561e+00	1.060288e+00
8.280000e-01	1.051524e+00	1.051226e+00
8.310000e-01	1.042338e+00	1.042015e+00
8.340000e-01	1.033000e+00	1.032655e+00
8.370000e-01	1.023511e+00	1.023145e+00
8.400000e-01	1.013872e+00	1.013486e+00
8.430000e-01	1.004081e+00	1.003677e+00
8.460000e-01	9.941395e-01	9.937200e-01
8.490000e-01	9.840465e-01	9.836135e-01
8.520000e-01	9.738024e-01	9.733582e-01
8.550000e-01	9.634072e-01	9.629541e-01
8.580000e-01	9.528607e-01	9.524013e-01
8.610000e-01	9.421631e-01	9.416999e-01
8.640000e-01	9.313145e-01	9.308500e-01
8.670000e-01	9.203149e-01	9.198517e-01
8.700000e-01	9.091644e-01	9.087052e-01
8.730000e-01	8.978632e-01	8.974104e-01
8.760000e-01	8.864114e-01	8.859676e-01
8.790000e-01	8.748092e-01	8.743768e-01
8.820000e-01	8.630568e-01	8.626381e-01
8.850000e-01	8.511543e-01	8.507516e-01
8.880000e-01	8.391021e-01	8.387175e-01
8.910000e-01	8.269003e-01	8.265357e-01
8.940000e-01	8.145493e-01	8.142065e-01
8.970000e-01	8.020494e-01	8.017299e-01
9.000000e-01	7.894009e-01	7.891061e-01
9.030000e-01	7.766041e-01	7.763350e-01
9.060000e-01	7.636595e-01	7.634169e-01
9.090000e-01	7.505674e-01	7.503517e-01
9.120000e-01	7.373283e-01	7.371397e-01
9.150000e-01	7.239425e-01	7.237810e-01
9.180000e-01	7.104107e-01	7.102755e-01
9.210000e-01	6.967332e-01	6.966235e-01
9.240000e-01	6.829106e-01	6.828250e-01
9.270000e-01	6.689435e-01	6.688801e-01
9.300000e-01	6.548324e-01	6.547890e-01
9.330000e-01	6.405779e-01	6.405517e-01
9.360000e-01	6.261807e-01	6.261683e-01
9.390000e-01	6.116413e-01	6.116389e-01
9.420000e-01	5.969606e-01	5.969637e-01
9.450000e-01	5.821391e-01	5.821427e-01
9.480000e-01	5.671776e-01	5.671760e-01
9.510000e-01	5.520768e-01	5.520642e-01
9.540000e-01	5.368376e-01	5.368085e-01
9.570000e-01	5.214608e-01	5.214106e-01
9.600000e-01	5.059471e-01	5.058718e-01
9.630000e-01	4.902974e-01	4.901937e-01
9.660000e-01	4.745127e-01	4.743778e-01
9.690000e-01	4.585938e-01	4.584255e-01
9.720000e-01	4.425417e-01	4.423383e-01
9.750000e-01	4.263573e-01	4.261177e-01
9.780000e-01	4.100417e-01	4.097652e-01
9.810000e-01	3.935959e-01	3.932823e-01
9.840000e-01	3.770208e-01	3.766705e-01
9.870000e-01	3.603176e-01	3.599312e-01
9.900000e-01	3.434875e-01	3.430660e-01
9.930000e-01	3.265314e-01	3.260763e-01
9.960000e-01	3.094507e-01	3.089636e-01
9.990000e-01	2.922464e-01	2.917294e-01
1.002000e+00	2.749198e-01	2.743752e-01
1.005000e+00	2.574721e-01	2.569024e-01
1.008000e+00	2.399047e-01	2.393126e-01
1.011000e+00	2.222187e-01	2.216073e-01
1.014000e+00	2.044156e-01	2.037878e-01
1.017000e+00	1.864966e-01	1.858558e-01
1.020000e+00	1.684632e-01	1.678127e-01
1.023000e+00	1.503168e-01	1.496599e-01
1.026000e+00	1.320588e-01	1.313991e-01
1.029000e+00	1.136906e-01	1.130316e-01
1.032000e+00	9.521383e-02	9.455891e-02
1.035000e+00	7.662992e-02	7.598257e-02
1.038000e+00	5.794044e-02	5.730405e-02
1.041000e+00	3.914695e-02	3.852482e-02
1.044000e+00	2.025108e-02	1.964639e-02
1.047000e+00	1.254433e-03	6.702213e-04
1.050000e+00	-1.784132e-02	-1.840219e-02
1.053000e+00	-3.703450e-02	-3.756935e-02
1.056000e+00	-5.632340e-02	-5.682978e-02
1.059000e+00	-7.570627e-02	-7.618200e-02
1.062000e+00	-9.518136e-02	-9.562451e-02
1.065000e+00	-1.147469e-01	-1.151558e-01
1.068000e+00	-1.344010e-01	-1.347745e-01
1.071000e+00	-1.541419e-01	-1.544790e-01
1.074000e+00	-1.739676e-01	-1.742678e-01
1.077000e+00	-1.938764e-01	-1.941395e-01
1.080000e+00	-2.138662e-01	-2.140926e-01
1.083000e+00	-2.339351e-01	-2.341256e-01
1.086000e+00	-2.540812e-01	-2.542370e-01
1.089000e+00	-2.743024e-01	-2.744254e-01
1.092000e+00	-2.945968e-01	-2.946891e-01
1.095000e+00	-3.149622e-01	-3.150269e-01
1.098000e+00	-3.353966e-01	-3.354371e-01
1.101000e+00	-3.558979e-01	-3.559182e-01
1.104000e+00	-3.764640e-01	-3.764689e-01
1.107000e+00	-3.970927e-01	-3.970875e-01
1.110000e+00	-4.177818e-01	-4.177719e-01
1.113000e+00	-4.385292e-01	-4.385194e-01
1.116000e+00	-4.593326e-01	-4.593272e-01
1.119000e+00	-4.801898e-01	-4.801925e-01
1.122000e+00	-5.010985e-01	-5.011127e-01
1.125000e+00	-5.220564e-01	-5.220849e-01
1.128000e+00	-5.430613e-01	-5.431065e-01
1.131000e+00	-5.641107e-01	-5.641747e-01
1.134000e+00	-5.852023e-01	-5.852867e-01
1.137000e+00	-6.063339e-01	-6.064399e-01
1.140000e+00	-6.275028e-01	-6.276314e-01
1.143000e+00	-6.487068e-01	-6.488586e-01
1.146000e+00	-6.699434e-01	-6.701186e-01
1.149000e+00	-6.912101e-01	-6.914088e-01
1.152000e+00	-7.125045e-01	-7.127264e-01
1.155000e+00	-7.338240e-01	-7.340686e-01
1.158000e+00	-7.551662e-01	-7.554328e-01
1.161000e+00	-7.765285e-01	-7.768161e-01
1.164000e+00	-7.979083e-01	-7.982159e-01
1.167000e+00	-8.193030e-01	-8.196293e-01
1.170000e+00	-8.407102e-01	-8.410537e-01
1.173000e+00	-8.621271e-01	-8.624863e-01
1.176000e+00	-8.835512e-01	-8.839244e-01
1.179000e+00	-9.049798e-01	-9.053652e-01
1.182000e+00	-9.264103e-01	-9.268059e-01
1.185000e+00	-9.478399e-01	-9.482439e-01
1.188000e+00	-9.692660e-01	-9.696764e-01
1.191000e+00	-9.906860e-01	-9.911006e-01
1.194000e+00	-1.012097e+00	-1.012514e+00
1.197000e+00	-1.033496e+00	-1.033913e+00
1.200000e+00	-1.054881e+00	-1.055296e+00
1.203000e+00	-1.076249e+00	-1.076660e+00
1.206000e+00	-1.097597e+00	-1.098002e+00
1.209000e+00	-1.118922e+00	-1.119319e+00
1.212000e+00	-1.140222e+00	-1.140609e+00
1.215000e+00	-1.161493e+00	-1.161868e+00
1.218000e+00	-1.182734e+00	-1.183095e+00
1.221000e+00	-1.203940e+00	-1.204286e+00
1.224000e+00	-1.225110e+00	-1.225438e+00
1.227000e+00	-1.246240e+00	-1.246549e+00
1.230000e+00	-1.267328e+00	-1.267617e+00
1.233000e+00	-1.288371e+00	-1.288638e+00
1.236000e+00	-1.309365e+00	-1.309609e+00
1.239000e+00	-1.330308e+00	-1.330528e+00
1.242000e+00	-1.351198e+00	-1.351392e+00
1.245000e+00	-1.372031e+00	-1.372199e+00
1.248000e+00	-1.392804e+00	-1.392946e+00
1.251000e+00	-1.413515e+00	-1.413629e+00
1.254000e+00	-1.434160e+00	-1.434246e+00
1.257000e+00	-1.454737e+00	-1.454795e+00
1.260000e+00	-1.475243e+00	-1.475273e+00
1.263000e+00	-1.495674e+00	-1.495676e+00
1.266000e+00	-1.516029e+00	-1.516003e+00
1.269000e+00	-1.536304e+00	-1.536250e+00
1.272000e+00	-1.556496e+00	-1.556414e+00
1.275000e+00	-1.576603e+00	-1.576494e+00
1.278000e+00	-1.596621e+00	-1.596486e+00
1.281000e+00	-1.616548e+00	-1.616387e+00
1.284000e+00	-1.636380e+00	-1.636194e+00
1.287000e+00	-1.656115e+00	-1.655906e+00
1.290000e+00	-1.675750e+00	-1.675519e+00
1.293000e+00	-1.695282e+00	-1.695030e+00
1.296000e+00	-1.714708e+00	-1.714436e+00
1.299000e+00	-1.734026e+00	-1.733736e+00
1.302000e+00	-1.753231e+00	-1.752925e+00
1.305000e+00	-1.772323e+00	-1.772002e+00
1.308000e+00	-1.791297e+00	-1.790963e+00
1.311000e+00	-1.810151e+00	-1.809806e+00
1.314000e+00	-1.828882e+00	-1.828528e+00
1.317000e+00	-1.847488e+00	-1.847126e+00
1.320000e+00	-1.865965e+00	-1.865597e+00
1.323000e+00	-1.884310e+00	-1.883940e+00
1.326000e+00	-1.902521e+00	-1.902150e+00
1.329000e+00	-1.920596e+00	-1.920225e+00
1.332000e+00	-1.938531e+00	-1.938163e+00
1.335000e+00	-1.956323e+00	-1.955960e+00
1.338000e+00	-1.973970e+00	-1.973615e+00
1.341000e+00	-1.991469e+00	-1.991123e+00
1.344000e+00	-2.008818e+00	-2.008483e+00
1.347000e+00	-2.026013e+00	-2.025691e+00
1.350000e+00	-2.043053e+00	-2.042746e+00
1.353000e+00	-2.059934e+00	-2.059643e+00
1.356000e+00	-2.076653e+00	-2.076381e+00
1.359000e+00	-2.093209e+00	-2.092956e+00
1.362000e+00	-2.109599e+00	-2.109366e+00
1.365000e+00	-2.125819e+00	-2.125608e+00
1.368000e+00	-2.141868e+00	-2.141679e+00
1.371000e+00	-2.157742e+00	-2.157577e+00
1.374000e+00	-2.173440e+00	-2.173298e+00
1.377000e+00	-2.188959e+00	-2.188841e+00
1.380000e+00	-2.204296e+00	-2.204201e+00
1.383000e+00	-2.219449e+00	-2.219377e+00
1.386000e+00	-2.234416e+00	-2.234366e+00
1.389000e+00	-2.249194e+00	-2.249165e+00
1.392000e+00	-2.263780e+00	-2.263771e+00
1.395000e+00	-2.278173e+00	-2.278181e+00
1.398000e+00	-2.292370e+00	-2.292393e+00
1.401000e+00	-2.306369e+00	-2.306403e+00
1.404000e+00	-2.320167e+00	-2.320210e+00
1.407000e+00	-2.333763e+00	-2.333811e+00
1.410000e+00	-2.347153e+00	-2.347201e+00
1.413000e+00	-2.360337e+00	-2.360380e+00
1.416000e+00	-2.373311e+00	-2.373344e+00
1.419000e+00	-2.386074e+00	-2.386090e+00
1.422000e+00	-2.398623e+00	-2.398615e+00
1.425000e+00	-2.410957e+00	-2.410918e+00
1.428000e+00	-2.423074e+00	-2.422997e+00
1.431000e+00	-2.434970e+00	-2.434851e+00
1.434000e+00	-2.446646e+00	-2.446480e+00
1.437000e+00	-2.458098e+00	-2.457881e+00
1.440000e+00	-2.469324e+00	-2.469054e+00
1.443000e+00	-2.480323e+00	-2.479997e+00
1.446000e+00	-2.491094e+00	-2.490711e+00
1.449000e+00	-2.501633e+00	-2.501193e+00
1.452000e+00	-2.511940e+00	-2.511442e+00
1.455000e+00	-2.522013e+00	-2.521458e+00
1.458000e+00	-2.531850e+00	-2.531239e+00
1.461000e+00	-2.541449e+00	-2.540785e+00
1.464000e+00	-2.550809e+00	-2.550093e+00
1.467000e+00	-2.559928e+00	-2.559164e+00
1.470000e+00	-2.568805e+00	-2.567995e+00
1.473000e+00	-2.577438e+00	-2.576586e+00
1.476000e+00	-2.585826e+00	-2.584937e+00
1.479000e+00	-2.593967e+00	-2.593044e+00
1.482000e+00	-2.601860e+00	-2.600908e+00
1.485000e+00	-2.609504e+00	-2.608528e+00
1.488000e+00	-2.616897e+00	-2.615902e+00
1.491000e+00	-2.624039e+00	-2.623030e+00
1.494000e+00	-2.630927e+00	-2.629909e+00
1.497000e+00	-2.637561e+00	-2.636540e+00
1.500000e+00	-2.643940e+00	-2.642921e+00
1.503000e+00	-2.650062e+00	-2.649051e+00
1.506000e+00	-2.655927e+00	-2.654928e+00
1.509000e+00	-2.661533e+00	-2.660552e+00
1.512000e+00	-2.666880e+00	-2.665922e+00
1.515000e+00	-2.671966e+00	-2.671037e+00
1.518000e+00	-2.676791e+00	-2.675895e+00
1.521000e+00	-2.681355e+00	-2.680495e+00
1.524000e+00	-2.685655e+00	-2.684837e+00
1.527000e+00	-2.689692e+00	-2.688919e+00
1.530000e+00	-2.693464e+00	-2.692740e+00
1.533000e+00	-2.696972e+00	-2.696299e+00
1.536000e+00	-2.700215e+00	-2.699595e+00
1.539000e+00	-2.703191e+00	-2.702627e+00
1.542000e+00	-2.705901e+00	-2.705393e+00
1.545000e+00	-2.708343e+00	-2.707893e+00
1.548000e+00	-2.710519e+00	-2.710126e+00
1.551000e+00	-2.712426e+00	-2.712090e+00
1.554000e+00	-2.714066e+00	-2.713785e+00
1.557000e+00	-2.715437e+00	-2.715209e+00
1.560000e+00	-2.716540e+00	-2.716361e+00
1.563000e+00	-2.717373e+00	-2.717240e+00
1.566000e+00	-2.717938e+00	-2.717846e+00
1.569000e+00	-2.718234e+00	-2.718176e+00
1.572000e+00	-2.718260e+00	-2.718230e+00
1.575000e+00	-2.718018e+00	-2.718007e+00
1.578000e+00	-2.717506e+00	-2.717505e+00
1.581000e+00	-2.716726e+00	-2.716724e+00
1.584000e+00	-2.715676e+00	-2.715664e+00
1.587000e+00	-2.714358e+00	-2.714327e+00
1.590000e+00	-2.712772e+00	-2.712714e+00
1.593000e+00	-2.710917e+00	-2.710825e+00
1.596000e+00	-2.708794e+00	-2.708663e+00
1.599000e+00	-2.706404e+00	-2.706229e+00
1.602000e+00	-2.703747e+00	-2.703524e+00
1.605000e+00	-2.700824e+00	-2.700549e+00
1.608000e+00	-2.697634e+00	-2.697306e+00
1.611000e+00	-2.694178e+00	-2.693796e+00
1.614000e+00	-2.690458e+00	-2.690021e+00
1.617000e+00	-2.686473e+00	-2.685981e+00
1.620000e+00	-2.682225e+00	-2.681678e+00
1.623000e+00	-2.677714e+00	-2.677114e+00
1.626000e+00	-2.672940e+00	-2.672289e+00
1.629000e+00	-2.667905e+00	-2.667205e+00
1.632000e+00	-2.662610e+00	-2.661863e+00
1.635000e+00	-2.657055e+00	-2.656266e+00
1.638000e+00	-2.651241e+00	-2.650413e+00
1.641000e+00	-2.645169e+00	-2.644306e+00
1.644000e+00	-2.638841e+00	-2.637947e+00
1.647000e+00	-2.632258e+00	-2.631337e+00
1.650000e+00	-2.625419e+00	-2.624478e+00
1.653000e+00	-2.618328e+00	-2.617369e+00
1.656000e+00	-2.610984e+00	-2.610014e+00
1.659000e+00	-2.603390e+00	-2.602413e+00
1.662000e+00	-2.595546e+00	-2.594568e+00
1.665000e+00	-2.587454e+00	-2.586479e+00
1.668000e+00	-2.579114e+00	-2.578149e+00
1.671000e+00	-2.570530e+00	-2.569579e+00
1.674000e+00	-2.561701e+00	-2.560769e+00
1.677000e+00	-2.552629e+00	-2.551721e+00
1.680000e+00	-2.543317e+00	-2.542437e+00
1.683000e+00	-2.533765e+00	-2.532918e+00
1.686000e+00	-2.523975e+00	-2.523165e+00
1.689000e+00	-2.513949e+00	-2.513179e+00
1.692000e+00	-2.503688e+00	-2.502962e+00
1.695000e+00	-2.493194e+00	-2.492516e+00
1.698000e+00	-2.482469e+00	-2.481841e+00
1.701000e+00	-2.471515e+00	-2.470938e+00
1.704000e+00	-2.460333e+00	-2.459810e+00
1.707000e+00	-2.448926e+00	-2.448457e+00
1.710000e+00	-2.437295e+00	-2.436881e+00
1.713000e+00	-2.425441e+00	-2.425083e+00
1.716000e+00	-2.413368e+00	-2.413065e+00
1.719000e+00	-2.401077e+00	-2.400827e+00
1.722000e+00	-2.388570e+00	-2.388371e+00
1.725000e+00	-2.375849e+00	-2.375699e+00
1.728000e+00	-2.362917e+00	-2.362812e+00
1.731000e+00	-2.349774e+00	-2.349710e+00
1.734000e+00	-2.336424e+00	-2.336396e+00
1.737000e+00	-2.322869e+00	-2.322870e+00
1.740000e+00	-2.309111e+00	-2.309135e+00
1.743000e+00	-2.295151e+00	-2.295193e+00
1.746000e+00	-2.280993e+00	-2.281047e+00
1.749000e+00	-2.266639e+00	-2.266699e+00
1.752000e+00	-2.252090e+00	-2.252153e+00
1.755000e+00	-2.237350e+00	-2.237411e+00
1.758000e+00	-2.222421e+00	-2.222476e+00
1.761000e+00	-2.207304e+00	-2.207351e+00
1.764000e+00	-2.192003e+00	-2.192039e+00
1.767000e+00	-2.176520e+00	-2.176542e+00
1.770000e+00	-2.160857e+00	-2.160865e+00
1.773000e+00	-2.145017e+00	-2.145008e+00
1.776000e+00	-2.129003e+00	-2.128976e+00
1.779000e+00	-2.112816e+00	-2.112770e+00
1.782000e+00	-2.096460e+00	-2.096395e+00
1.785000e+00	-2.079937e+00	-2.079852e+00
1.788000e+00	-2.063250e+00	-2.063145e+00
1.791000e+00	-2.046400e+00	-2.046277e+00
1.794000e+00	-2.029392e+00	-2.029249e+00
1.797000e+00	-2.012227e+00	-2.012066e+00
1.800000e+00	-1.994909e+00	-1.994730e+00
1.803000e+00	-1.977439e+00	-1.977243e+00
1.806000e+00	-1.959821e+00	-1.959609e+00
1.809000e+00	-1.942057e+00	-1.941830e+00
1.812000e+00	-1.924150e+00	-1.923910e+00
1.815000e+00	-1.906103e+00	-1.905851e+00
1.818000e+00	-1.887919e+00	-1.887656e+00
1.821000e+00	-1.869599e+00	-1.869328e+00
1.824000e+00	-1.851148e+00	-1.850869e+00
1.827000e+00	-1.832568e+00	-1.832283e+00
1.830000e+00	-1.813861e+00	-1.813572e+00
1.833000e+00	-1.795031e+00	-1.794740e+00
1.836000e+00	-1.776081e+00	-1.775788e+00
1.839000e+00	-1.757012e+00	-1.756720e+00
1.842000e+00	-1.737829e+00	-1.737539e+00
1.845000e+00	-1.718533e+00	-1.718248e+00
1.848000e+00	-1.699128e+00	-1.698849e+00
1.851000e+00	-1.679617e+00	-1.679345e+00
1.854000e+00	-1.660002e+00	-1.659740e+00
1.857000e+00	-1.640286e+00	-1.640035e+00
1.860000e+00	-1.620473e+00	-1.620234e+00
1.863000e+00	-1.600565e+00	-1.600340e+00
1.866000e+00	-1.580565e+00	-1.580355e+00
1.869000e+00	-1.560475e+00	-1.560282e+00
1.872000e+00	-1.540300e+00	-1.540125e+00
1.875000e+00	-1.520041e+00	-1.519885e+00
1.878000e+00	-1.499702e+00	-1.499566e+00
1.881000e+00	-1.479285e+00	-1.479171e+00
1.884000e+00	-1.458794e+00	-1.458703e+00
1.887000e+00	-1.438230e+00	-1.438164e+00
1.890000e+00	-1.417598e+00	-1.417557e+00
1.893000e+00	-1.396900e+00	-1.396885e+00
1.896000e+00	-1.376139e+00	-1.376151e+00
1.899000e+00	-1.355318e+00	-1.355357e+00
1.902000e+00	-1.334439e+00	-1.334507e+00
1.905000e+00	-1.313506e+00	-1.313603e+00
1.908000e+00	-1.292522e+00	-1.292647e+00
1.911000e+00	-1.271489e+00	-1.271643e+00
1.914000e+00	-1.250410e+00	-1.250592e+00
1.917000e+00	-1.229288e+00	-1.229498e+00
1.920000e+00	-1.208125e+00	-1.208363e+00
1.923000e+00	-1.186926e+00	-1.187191e+00
1.926000e+00	-1.165692e+00	-1.165982e+00
1.929000e+00	-1.144427e+00	-1.144741e+00
1.932000e+00	-1.123132e+00	-1.123469e+00
1.935000e+00	-1.101812e+00	-1.102170e+00
1.938000e+00	-1.080468e+00	-1.080846e+00
1.941000e+00	-1.059104e+00	-1.059500e+00
1.944000e+00	-1.037722e+00	-1.038135e+00
1.947000e+00	-1.016325e+00	-1.016752e+00
1.950000e+00	-9.949165e-01	-9.953551e-01
1.953000e+00	-9.734982e-01	-9.739466e-01
1.956000e+00	-9.520730e-01	-9.525291e-01
1.959000e+00	-9.306439e-01	-9.311052e-01
1.962000e+00	-9.092134e-01	-9.096778e-01
1.965000e+00	-8.877842e-01	-8.882492e-01
1.968000e+00	-8.663590e-01	-8.668224e-01
1.971000e+00	-8.449405e-01	-8.453998e-01
1.974000e+00	-8.235312e-01	-8.239842e-01
1.977000e+00	-8.021337e-01	-8.025781e-01
1.980000e+00	-7.807507e-01	-7.811843e-01
1.983000e+00	-7.593848e-01	-7.598054e-01
1.986000e+00	-7.380385e-01	-7.384441e-01
1.989000e+00	-7.167143e-01	-7.171030e-01
1.992000e+00	-6.954147e-01	-6.957847e-01
1.995000e+00	-6.741424e-01	-6.744919e-01
1.998000e+00	-6.528996e-01	-6.532273e-01
2.001000e+00	-6.316890e-01	-6.319936e-01
2.004000e+00	-6.105129e-01	-6.107932e-01
2.007000e+00	-5.893738e-01	-5.896290e-01
2.010000e+00	-5.682741e-01	-5.685036e-01
2.013000e+00	-5.472161e-01	-5.474196e-01
2.016000e+00	-5.262023e-01	-5.263797e-01
2.019000e+00	-5.052349e-01	-5.053865e-01
2.022000e+00	-4.843163e-01	-4.844427e-01
2.025000e+00	-4.634487e-01	-4.635509e-01
2.028000e+00	-4.426345e-01	-4.427138e-01
2.031000e+00	-4.218759e-01	-4.219341e-01
2.034000e+00	-4.011751e-01	-4.012143e-01
2.037000e+00	-3.805343e-01	-3.805572e-01
2.040000e+00	-3.599557e-01	-3.599654e-01
2.043000e+00	-3.394414e-01	-3.394416e-01
2.046000e+00	-3.189936e-01	-3.189883e-01
2.049000e+00	-2.986144e-01	-2.986083e-01
2.052000e+00	-2.783059e-01	-2.783042e-01
2.055000e+00	-2.580700e-01	-2.580786e-01
2.058000e+00	-2.379090e-01	-2.379331e-01
2.061000e+00	-2.178246e-01	-2.178691e-01
2.064000e+00	-1.978190e-01	-1.978880e-01
2.067000e+00	-1.778941e-01	-1.779910e-01
2.070000e+00	-1.580518e-01	-1.581795e-01
2.073000e+00	-1.382940e-01	-1.384548e-01
2.076000e+00	-1.186226e-01	-1.188183e-01
2.079000e+00	-9.903944e-02	-9.927119e-02
2.082000e+00	-7.954634e-02	-7.981494e-02
2.085000e+00	-6.014511e-02	-6.045082e-02
2.088000e+00	-4.083751e-02	-4.118017e-02
2.091000e+00	-2.162529e-02	-2.200432e-02
2.094000e+00	-2.510153e-03	-2.924596e-03
2.097000e+00	1.650620e-02	1.605767e-02
2.100000e+00	3.542212e-02	3.494115e-02
2.103000e+00	5.423595e-02	5.372452e-02
2.106000e+00	7.294611e-02	7.240643e-02
2.109000e+00	9.155100e-02	9.098558e-02
2.112000e+00	1.100491e-01	1.094606e-01
2.115000e+00	1.284388e-01	1.278302e-01
2.118000e+00	1.467187e-01	1.460930e-01
2.121000e+00	1.648873e-01	1.642478e-01
2.124000e+00	1.829431e-01	1.822931e-01
2.127000e+00	2.008848e-01	2.002276e-01
2.130000e+00	2.187109e-01	2.180501e-01
2.133000e+00	2.364201e-01	2.357592e-01
2.136000e+00	2.540111e-01	2.533535e-01
2.139000e+00	2.714826e-01	2.708317e-01
2.142000e+00	2.888332e-01	2.881925e-01
2.145000e+00	3.060617e-01	3.054346e-01
2.148000e+00	3.231670e-01	3.225567e-01
2.151000e+00	3.401477e-01	3.395573e-01
2.154000e+00	3.570029e-01	3.564352e-01
2.157000e+00	3.737312e-01	3.731891e-01
2.160000e+00	3.903316e-01	3.898175e-01
2.163000e+00	4.068031e-01	4.063193e-01
2.166000e+00	4.231445e-01	4.226930e-01
2.169000e+00	4.393549e-01	4.389373e-01
2.172000e+00	4.554332e-01	4.550510e-01
2.175000e+00	4.713785e-01	4.710326e-01
2.178000e+00	4.871898e-01	4.868808e-01
2.181000e+00	5.028662e-01	5.025944e-01
2.184000e+00	5.184069e-01	5.181719e-01
2.187000e+00	5.338108e-01	5.336120e-01
2.190000e+00	5.490773e-01	5.489135e-01
2.193000e+00	5.642054e-01	5.640750e-01
2.196000e+00	5.791945e-01	5.790951e-01
2.199000e+00	5.940437e-01	5.939726e-01
2.202000e+00	6.087523e-01	6.087060e-01
2.205000e+00	6.233197e-01	6.232941e-01
2.208000e+00	6.377450e-01	6.377356e-01
2.211000e+00	6.520278e-01	6.520291e-01
2.214000e+00	6.661672e-01	6.661736e-01
2.217000e+00	6.801629e-01	6.801689e-01
2.220000e+00	6.940140e-01	6.940152e-01
2.223000e+00	7.077202e-01	7.077125e-01
2.226000e+00	7.212809e-01	7.212606e-01
2.229000e+00	7.346955e-01	7.346597e-01
2.232000e+00	7.479637e-01	7.479097e-01
2.235000e+00	7.610848e-01	7.610107e-01
2.238000e+00	7.740586e-01	7.739627e-01
2.241000e+00	7.868846e-01	7.867657e-01
2.244000e+00	7.995625e-01	7.994196e-01
2.247000e+00	8.120918e-01	8.119246e-01
2.250000e+00	8.244722e-01	8.242805e-01
2.253000e+00	8.367035e-01	8.364875e-01
2.256000e+00	8.487853e-01	8.485455e-01
2.259000e+00	8.607173e-01	8.604546e-01
2.262000e+00	8.724994e-01	8.722147e-01
2.265000e+00	8.841313e-01	8.838259e-01
2.268000e+00	8.956129e-01	8.952881e-01
2.271000e+00	9.069438e-01	9.066014e-01
2.274000e+00	9.181241e-01	9.177659e-01
2.277000e+00	9.291535e-01	9.287814e-01
2.280000e+00	9.400319e-01	9.396481e-01
2.283000e+00	9.507594e-01	9.503658e-01
2.286000e+00	9.613357e-01	9.609347e-01
2.289000e+00	9.717608e-01	9.713548e-01
2.292000e+00	9.820348e-01	9.816260e-01
2.295000e+00	9.921576e-01	9.917484e-01
2.298000e+00	1.002129e+00	1.001722e+00
2.301000e+00	1.011950e+00	1.011547e+00
2.304000e+00	1.021619e+00	1.021223e+00
2.307000e+00	1.031137e+00	1.030750e+00
2.310000e+00	1.040505e+00	1.040128e+00
2.313000e+00	1.049722e+00	1.049358e+00
2.316000e+00	1.058788e+00	1.058439e+00
2.319000e+00	1.067703e+00	1.067371e+00
2.322000e+00	1.076468e+00	1.076154e+00
2.325000e+00	1.085083e+00	1.084789e+00
2.328000e+00	1.093548e+00	1.093274e+00
2.331000e+00	1.101863e+00	1.101612e+00
2.334000e+00	1.110029e+00	1.109800e+00
2.337000e+00	1.118045e+00	1.117840e+00
2.340000e+00	1.125913e+00	1.125731e+00
2.343000e+00	1.133631e+00	1.133473e+00
2.346000e+00	1.141202e+00	1.141067e+00
2.349000e+00	1.148624e+00	1.148512e+00
2.352000e+00	1.155898e+00	1.155809e+00
2.355000e+00	1.163025e+00	1.162957e+00
2.358000e+00	1.170005e+00	1.169956e+00
2.361000e+00	1.176839e+00	1.176807e+00
2.364000e+00	1.183526e+00	1.183509e+00
2.367000e+00	1.190067e+00	1.190062e+00
2.370000e+00	1.196463e+00	1.196467e+00
2.373000e+00	1.202713e+00	1.202724e+00
2.376000e+00	1.208820e+00	1.208833e+00
2.379000e+00	1.214782e+00	1.214796e+00
2.382000e+00	1.220600e+00	1.220612e+00
2.385000e+00	1.226276e+00	1.226284e+00
2.388000e+00	1.231808e+00	1.231811e+00
2.391000e+00	1.237199e+00	1.237194e+00
2.394000e+00	1.242448e+00	1.242435e+00
2.397000e+00	1.247556e+00	1.247533e+00
2.400000e+00	1.252523e+00	1.252490e+00
2.403000e+00	1.257351e+00	1.257307e+00
2.406000e+00	1.262039e+00	1.261983e+00
2.409000e+00	1.266589e+00	1.266520e+00
2.412000e+00	1.271000e+00	1.270919e+00
2.415000e+00	1.275274e+00	1.275180e+00
2.418000e+00	1.279410e+00	1.279304e+00
2.421000e+00	1.283410e+00	1.283293e+00
2.424000e+00	1.287275e+00	1.287145e+00
2.427000e+00	1.291005e+00	1.290863e+00
2.430000e+00	1.294600e+00	1.294448e+00
2.433000e+00	1.298061e+00	1.297899e+00
2.436000e+00	1.301389e+00	1.301217e+00
2.439000e+00	1.304585e+00	1.304404e+00
2.442000e+00	1.307649e+00	1.307460e+00
2.445000e+00	1.310582e+00	1.310386e+00
2.448000e+00	1.313384e+00	1.313183e+00
2.451000e+00	1.316057e+00	1.315851e+00
2.454000e+00	1.318601e+00	1.318391e+00
2.457000e+00	1.321017e+00	1.320804e+00
2.460000e+00	1.323306e+00	1.323090e+00
2.463000e+00	1.325467e+00	1.325251e+00
2.466000e+00	1.327503e+00	1.327287e+00
2.469000e+00	1.329413e+00	1.329199e+00
2.472000e+00	1.331199e+00	1.330988e+00
2.475000e+00	1.332861e+00	1.332654e+00
2.478000e+00	1.334400e+00	1.334198e+00
2.481000e+00	1.335817e+00	1.335621e+00
2.484000e+00	1.337113e+00	1.336923e+00
2.487000e+00	1.338287e+00	1.338106e+00
2.490000e+00	1.339342e+00	1.339170e+00
2.493000e+00	1.340278e+00	1.340116e+00
2.496000e+00	1.341096e+00	1.340945e+00
2.499000e+00	1.341796e+00	1.341657e+00
2.502000e+00	1.342379e+00	1.342253e+00
2.505000e+00	1.342847e+00	1.342734e+00
2.508000e+00	1.343199e+00	1.343100e+00
2.511000e+00	1.343438e+00	1.343354e+00
2.514000e+00	1.343562e+00	1.343494e+00
2.517000e+00	1.343574e+00	1.343522e+00
2.520000e+00	1.343475e+00	1.343439e+00
2.523000e+00	1.343264e+00	1.343245e+00
2.526000e+00	1.342943e+00	1.342941e+00
2.529000e+00	1.342513e+00	1.342528e+00
2.532000e+00	1.341974e+00	1.342007e+00
2.535000e+00	1.341327e+00	1.341379e+00
2.538000e+00	1.340574e+00	1.340643e+00
2.541000e+00	1.339715e+00	1.339802e+00
2.544000e+00	1.338750e+00	1.338855e+00
2.547000e+00	1.337681e+00	1.337804e+00
2.550000e+00	1.336509e+00	1.336650e+00
2.553000e+00	1.335234e+00	1.335392e+00
2.556000e+00	1.333857e+00	1.334033e+00
2.559000e+00	1.332379e+00	1.332572e+00
2.562000e+00	1.330801e+00	1.331011e+00
2.565000e+00	1.329124e+00	1.329350e+00
2.568000e+00	1.327348e+00	1.327590e+00
2.571000e+00	1.325474e+00	1.325732e+00
2.574000e+00	1.323504e+00	1.323776e+00
2.577000e+00	1.321438e+00	1.321724e+00
2.580000e+00	1.319276e+00	1.319576e+00
2.583000e+00	1.317021e+00	1.317333e+00
2.586000e+00	1.314672e+00	1.314996e+00
2.589000e+00	1.312230e+00	1.312565e+00
2.592000e+00	1.309696e+00	1.310042e+00
2.595000e+00	1.307072e+00	1.307426e+00
2.598000e+00	1.304357e+00	1.304720e+00
2.601000e+00	1.301554e+00	1.301923e+00
2.604000e+00	1.298661e+00	1.299037e+00
2.607000e+00	1.295681e+00	1.296061e+00
2.610000e+00	1.292615e+00	1.292998e+00
2.613000e+00	1.289462e+00	1.289848e+00
2.616000e+00	1.286224e+00	1.286611e+00
2.619000e+00	1.282902e+00	1.283288e+00
2.622000e+00	1.279496e+00	1.279881e+00
2.625000e+00	1.276008e+00	1.276389e+00
2.628000e+00	1.272438e+00	1.272814e+00
2.631000e+00	1.268786e+00	1.269157e+00
2.634000e+00	1.265055e+00	1.265418e+00
2.637000e+00	1.261244e+00	1.261598e+00
2.640000e+00	1.257354e+00	1.257697e+00
2.643000e+00	1.253387e+00	1.253718e+00
2.646000e+00	1.249342e+00	1.249659e+00
2.649000e+00	1.245221e+00	1.245523e+00
2.652000e+00	1.241025e+00	1.241310e+00
2.655000e+00	1.236754e+00	1.237020e+00
2.658000e+00	1.232409e+00	1.232655e+00
2.661000e+00	1.227991e+00	1.228215e+00
2.664000e+00	1.223501e+00	1.223701e+00
2.667000e+00	1.218939e+00	1.219114e+00
2.670000e+00	1.214306e+00	1.214455e+00
2.673000e+00	1.209604e+00	1.209724e+00
2.676000e+00	1.204832e+00	1.204922e+00
2.679000e+00	1.199992e+00	1.200050e+00
2.682000e+00	1.195083e+00	1.195109e+00
2.685000e+00	1.190108e+00	1.190099e+00
2.688000e+00	1.185067e+00	1.185022e+00
2.691000e+00	1.179960e+00	1.179878e+00
2.694000e+00	1.174789e+00	1.174667e+00
2.697000e+00	1.169553e+00	1.169392e+00
2.700000e+00	1.164254e+00	1.164053e+00
2.703000e+00	1.158893e+00	1.158650e+00
2.706000e+00	1.153470e+00	1.153184e+00
2.709000e+00	1.147985e+00	1.147657e+00
2.712000e+00	1.142441e+00	1.142069e+00
2.715000e+00	1.136836e+00	1.136420e+00
2.718000e+00	1.131173e+00	1.130713e+00
2.721000e+00	1.125451e+00	1.124947e+00
2.724000e+00	1.119672e+00	1.119124e+00
2.727000e+00	1.113836e+00	1.113244e+00
2.730000e+00	1.107944e+00	1.107308e+00
2.733000e+00	1.101996e+00	1.101318e+00
2.736000e+00	1.095994e+00	1.095273e+00
2.739000e+00	1.089937e+00	1.089175e+00
2.742000e+00	1.083827e+00	1.083025e+00
2.745000e+00	1.077664e+00	1.076823e+00
2.748000e+00	1.071449e+00	1.070571e+00
2.751000e+00	1.065182e+00	1.064269e+00
2.754000e+00	1.058865e+00	1.057918e+00
2.757000e+00	1.052497e+00	1.051518e+00
2.760000e+00	1.046080e+00	1.045072e+00
2.763000e+00	1.039614e+00	1.038579e+00
2.766000e+00	1.033099e+00	1.032040e+00
2.769000e+00	1.026537e+00	1.025457e+00
2.772000e+00	1.019928e+00	1.018830e+00
2.775000e+00	1.013273e+00	1.012159e+00
2.778000e+00	1.006572e+00	1.005447e+00
2.781000e+00	9.998253e-01	9.986935e-01
2.784000e+00	9.930343e-01	9.918993e-01
2.787000e+00	9.861993e-01	9.850656e-01
2.790000e+00	9.793210e-01	9.781931e-01
2.793000e+00	9.723998e-01	9.712827e-01
2.796000e+00	9.654365e-01	9.643352e-01
2.799000e+00	9.584315e-01	9.573515e-01
2.802000e+00	9.513855e-01	9.503325e-01
2.805000e+00	9.442990e-01	9.432789e-01
2.808000e+00	9.371725e-01	9.361917e-01
2.811000e+00	9.300067e-01	9.290717e-01
2.814000e+00	9.228022e-01	9.219198e-01
2.817000e+00	9.155593e-01	9.147367e-01
2.820000e+00	9.082788e-01	9.075233e-01
2.823000e+00	9.009611e-01	9.002806e-01
2.826000e+00	8.936067e-01	8.930093e-01
2.829000e+00	8.862163e-01	8.857103e-01
2.832000e+00	8.787903e-01	8.783845e-01
2.835000e+00	8.713292e-01	8.710326e-01
2.838000e+00	8.638337e-01	8.636556e-01
2.841000e+00	8.563041e-01	8.562543e-01
2.844000e+00	8.487410e-01	8.488295e-01
2.847000e+00	8.411449e-01	8.413813e-01
2.850000e+00	8.335163e-01	8.339092e-01
2.853000e+00	8.258557e-01	8.264129e-01
2.856000e+00	8.181636e-01	8.188919e-01
2.859000e+00	8.104405e-01	8.113457e-01
2.862000e+00	8.026868e-01	8.037740e-01
2.865000e+00	7.949030e-01	7.961763e-01
2.868000e+00	7.870896e-01	7.885522e-01
2.871000e+00	7.792471e-01	7.809012e-01
2.874000e+00	7.713759e-01	7.732230e-01
2.877000e+00	7.634765e-01	7.655170e-01
2.880000e+00	7.555493e-01	7.577830e-01
2.883000e+00	7.475948e-01	7.500203e-01
2.886000e+00	7.396135e-01	7.422286e-01
2.889000e+00	7.316057e-01	7.344075e-01
2.892000e+00	7.235720e-01	7.265566e-01
2.895000e+00	7.155127e-01	7.186754e-01
2.898000e+00	7.074282e-01	7.107634e-01
2.901000e+00	6.993191e-01	7.028203e-01
2.904000e+00	6.911857e-01	6.948456e-01
2.907000e+00	6.830284e-01	6.868389e-01
2.910000e+00	6.748476e-01	6.787998e-01
2.913000e+00	6.666439e-01	6.707278e-01
2.916000e+00	6.584174e-01	6.626225e-01
2.919000e+00	6.501688e-01	6.544835e-01
2.922000e+00	6.418982e-01	6.463103e-01
2.925000e+00	6.336063e-01	6.381025e-01
2.928000e+00	6.252932e-01	6.298597e-01
2.931000e+00	6.169595e-01	6.215814e-01
2.934000e+00	6.086055e-01	6.132673e-01
2.937000e+00	6.002316e-01	6.049168e-01
2.940000e+00	5.918381e-01	5.965297e-01
2.943000e+00	5.834254e-01	5.881053e-01
2.946000e+00	5.749939e-01	5.796433e-01
2.949000e+00	5.665440e-01	5.711434e-01
2.952000e+00	5.580760e-01	5.626049e-01
2.955000e+00	5.495902e-01	5.540276e-01
2.958000e+00	5.410871e-01	5.454109e-01
2.961000e+00	5.325670e-01	5.367545e-01
2.964000e+00	5.240301e-01	5.280579e-01
2.967000e+00	5.154769e-01	5.193207e-01
2.970000e+00	5.069077e-01	5.105424e-01
2.973000e+00	4.983229e-01	5.017227e-01
2.976000e+00	4.897227e-01	4.928611e-01
2.979000e+00	4.811075e-01	4.839571e-01
2.982000e+00	4.724776e-01	4.750104e-01
2.985000e+00	4.638333e-01	4.660205e-01
2.988000e+00	4.551751e-01	4.569870e-01
2.991000e+00	4.465031e-01	4.479094e-01
2.994000e+00	4.378177e-01	4.387873e-01
2.997000e+00	4.291193e-01	4.296204e-01
3.000000e+00	4.204080e-01	4.204080e-01
